,f,y,x1,x2,x3,x4,x5,x6,x7,x8,x9,x10,x11,x12,x13,x14,x15,x16,x17,x18,x19,x20,x21,x22,x23,x24,x25,x26,x27,x28,x29,x30,x31,x32,x33,x34,x35,x36,x37,x38,x39,x40,x41,x42,x43,x44,x45,x46,x47,x48,x49,x50
0,-0.03966692,0.7284289,0.0,0.0,-0.44414246,1.507105,0.7445293,0.0,2.0,0.027539354,-0.19340086,-0.31275052,-1.0251386,-1.1737542,-0.3570623,0.1587864,0.71246237,-0.56750184,-0.111523464,1.2055193,1.6042359,-1.2566283,-1.1173368,-1.4186726,-0.17319809,-1.5840003,-0.318822,0.5372654,-0.88306004,0.5499016,0.3720867,-1.7827603,0.257743,-0.8043021,-0.019064207,-0.85383934,0.6607517,-0.41254085,-1.1408616,0.13262723,0.9022623,-0.74030197,-0.7961912,-0.3797826,1.549743,1.5301653,0.5826332,1.5081861,1.1874312,-0.32001874,-1.3765647,0.5245938
1,-0.03966692,0.14778474,0.0,1.0,1.1280432,-0.04761325,-1.2860051,1.0,0.0,-0.45013767,-0.19340086,-0.31275052,0.1809068,0.47942072,-0.3570623,0.18324912,-0.43589932,-0.78522867,-0.4923017,-0.23247099,-0.6284534,-0.70913625,-0.24101685,1.2322651,0.33421764,-0.67147946,-0.9243524,-0.14733219,-1.1388177,-1.1936847,0.1069513,-1.5534974,-0.011967129,-0.42869246,1.0961497,0.8084803,0.6536259,0.49989963,-0.3299591,0.58345556,-0.60207886,0.11592424,-0.42475277,-0.17920816,-1.5489465,-0.84307647,1.6654147,-0.82108676,0.642555,0.6111707,0.8280313,-0.123920344
2,-0.03966692,0.0017722605,0.0,0.0,-0.051096033,-1.0193121,-1.586825,2.0,0.0,-1.5459058,-0.19340086,-0.31275052,0.1809068,0.47942072,-0.3570623,0.31809717,-1.4120059,-1.2894286,-1.2499467,-1.307824,-1.2306589,-1.2444122,0.0934641,-0.9719245,1.6105741,0.76101154,-0.03380202,0.7415184,-0.9341599,1.4695463,1.2290834,0.7631106,-0.023955347,1.3227514,1.2374287,0.49835157,1.4302659,0.29624638,-0.35861722,0.16254799,-1.092071,-1.1075993,1.0054382,1.012833,1.6762427,1.1255504,0.11658407,-1.3089204,-0.07302069,1.5593675,1.0502597,-0.08753239
3,-0.03966692,-0.8399119,0.0,1.0,1.1280432,-0.5334627,1.7973989,1.0,1.0,0.39147502,-0.19340086,-0.31275052,1.3869522,0.47942072,-0.3570623,-0.17298824,-0.9116312,-0.94341034,-1.7075491,1.2036412,0.69231236,-1.1981692,-0.3934346,-1.4263996,-0.98062414,0.9376653,0.33896086,-0.06161328,-0.89603317,0.46166494,1.6337397,-0.29099292,-1.4934951,-1.539732,-1.2853874,1.572714,0.12978935,1.0438643,-1.0916018,-0.90532434,0.60056055,1.1532297,-0.37152663,-1.5139617,1.2937878,-0.68709654,0.83123285,-1.0724665,0.6548669,1.2637031,0.8392439,-0.54571486
4,-0.03966692,-0.15878652,0.0,0.0,-0.051096033,0.14672653,1.2709641,0.0,0.0,0.5088761,-0.19340086,-0.31275052,-1.0251386,-2.826929,-0.3570623,0.76973015,-1.1717935,-0.49173787,-0.44461542,1.1521554,-1.039684,1.228846,0.9531391,1.596257,-0.42825028,-0.9541036,-1.0509974,1.1662455,1.5204228,0.63271636,-0.00188755,-0.82917774,1.2425561,1.4325118,-1.2500899,-1.0963417,1.1437882,1.0836356,-0.55050933,-0.8361424,-0.2913979,0.008755923,-1.2482551,1.1951708,0.12712416,0.87958014,-1.0151914,1.7246006,0.8528782,-0.43928745,1.6118046,0.695888
5,-0.03966692,-0.19201209,0.0,0.0,-1.2302353,-0.04761325,0.89493924,0.0,0.0,-0.7561317,-0.19340086,-0.31275052,-1.0251386,0.47942072,-0.3570623,1.1652515,-1.4831512,-1.3453748,0.7350695,-0.78952676,0.2529642,-1.1555771,1.5794314,0.05997602,1.1811074,-1.4251025,-0.24406084,-1.5281367,1.2369822,-0.29621422,-1.4304341,-1.5924033,0.1858568,-1.4746454,-0.9007936,-0.305385,-0.01996876,0.11152674,0.5938623,-0.4947261,0.35041797,-1.2195247,-0.60465646,1.0611808,-1.2246444,-0.9057067,-0.9712536,0.04140471,-1.7970333,-1.508198,-0.08766581,-1.2606527
6,-0.03966692,-0.07519883,0.0,0.0,1.1280432,-0.04761325,0.9701442,0.0,1.0,0.42828733,-0.19340086,-0.31275052,-1.0251386,0.47942072,-0.3570623,0.6058273,1.0009146,0.38228855,0.5599453,-0.4969425,-1.4222472,-0.22284299,-0.54090863,0.3687969,-1.2428224,-0.87216353,0.8930437,-0.8170589,-0.421666,1.5034964,-0.7160608,-1.3430363,0.77075046,0.31903365,0.72988397,-1.7204677,-0.30052888,-2.0126705,-0.8053705,0.7219009,-1.5525949,-0.77780586,1.9441205,1.6663512,-0.060204074,0.75247645,0.43887013,-0.0064601074,1.2273966,-1.0222167,1.1926923,-1.6987038
7,-0.03966692,-0.3089216,0.0,1.0,1.1280432,0.4382362,-0.6091603,1.0,0.0,1.6588724,-0.19340086,-0.31275052,0.1809068,0.47942072,-0.3570623,1.2569237,0.60593307,-0.054979675,0.47527224,-0.2615415,1.1901764,-1.2966219,-0.06441509,1.2681617,1.5248485,-0.8987052,-1.0125372,1.4342455,-0.64846563,-1.7242627,0.8000975,-0.36748347,0.89008904,-0.009320513,0.30669037,-0.37283352,-0.74230444,1.2758877,0.7744824,1.0241044,1.296477,-0.92083,1.6998595,1.2853056,0.025648743,0.20945412,-1.4346125,1.0206126,-1.187855,0.2125595,-1.2571421,-1.5865188
8,-0.03966692,-0.058483884,0.0,0.0,-2.8024209,-0.04761325,-0.23313543,0.0,0.0,0.33678403,-0.19340086,-0.31275052,-1.0251386,0.47942072,1.3432344,0.36104122,-0.0063580414,0.7018403,0.9107217,1.5098683,-1.2877125,0.4089206,0.17638218,0.5445469,0.18394476,0.31396738,1.0750939,-0.1565194,0.014607826,0.6039074,-1.3581519,-0.30402514,-1.3788233,-1.2474941,-1.5931555,-1.1187456,-0.99962866,-0.13450652,0.40564862,1.1523546,-0.10049353,1.1400031,-0.1770528,0.87136585,0.19095851,0.3904373,-0.87205136,1.6286288,0.91866815,-1.1142248,0.17716338,1.7697285
9,-0.03966692,-0.24460001,0.0,0.0,1.1280432,-1.9910111,-1.2108002,0.0,0.0,-1.0663558,-0.19340086,-0.31275052,-1.0251386,0.47942072,-0.3570623,-1.5839655,-0.63054365,0.9200737,-1.8326244,0.7094345,0.45462453,0.73994917,0.084908396,1.4906843,-0.5025653,0.3755024,-1.6935478,0.20042087,-0.38991284,1.6767608,1.5963229,-1.3684485,-1.5956798,-1.3100259,-0.86658597,0.7346331,0.1409995,-0.06597683,0.010280435,-1.8313661,-0.4223526,1.4854234,1.343872,0.26883796,-1.0710173,1.3504667,-0.31565827,0.5258657,-1.0823128,-0.49064493,-0.4945602,-0.4160852
10,-0.03966692,-0.6038836,0.0,0.0,-0.051096033,1.4099351,0.44370937,0.0,0.0,-0.62698734,-0.19340086,-0.31275052,-1.0251386,0.47942072,-0.3570623,-1.6771377,0.5540802,-0.9672936,0.22605066,0.2784148,0.897858,-0.70868033,-0.82065356,0.8882141,-0.35665673,-1.1429195,1.1993794,-1.7012787,1.2448324,-0.86001086,-0.3493103,1.6768842,-0.18005918,0.86212015,-0.02942573,1.407023,0.7525781,-0.26492968,-1.4126664,-0.5282323,-0.087189026,-0.812608,0.322183,-1.0053571,-0.015989281,0.080335625,0.58616495,0.9625757,0.7785194,-0.16240078,-0.107194215,1.3250293
11,-0.03966692,0.340219,0.0,1.0,0.3419504,-0.04761325,0.5941193,2.0,0.0,-0.15583317,-0.19340086,-0.31275052,0.1809068,0.47942072,-0.3570623,-0.4942485,0.8114828,1.7574309,1.3997254,0.039849605,-0.50071466,0.37960544,0.55192626,0.13930497,-0.5197477,-0.052826207,-1.5885584,-0.722188,-1.3506055,0.5140141,1.6433495,-1.2997384,-1.643415,0.9550893,-0.25132957,-0.055584803,-1.5417837,-1.3762004,0.8744503,0.35372865,1.1519115,1.3696815,-0.30383167,0.4350816,-0.1812288,0.007815916,-0.4337923,1.7665287,0.40295276,-1.1269021,0.7365607,1.6605166
12,-0.03966692,0.33879998,0.0,1.0,-0.051096033,-2.96271,0.14288945,2.0,0.0,-0.08681552,-0.19340086,-0.31275052,1.3869522,0.47942072,-0.3570623,1.3538167,0.21497896,-1.4806948,0.9643558,1.3374947,1.0261252,-0.25732622,-0.509904,0.8524189,-1.3348107,1.1319187,-0.17672245,-1.5005463,1.0228053,-0.49486122,-1.2985528,-1.2396972,1.3348073,-1.1200137,1.3879791,1.0143584,-1.4530325,-0.4311294,1.2173681,-0.06666596,1.1949604,-0.50455254,0.65722716,-0.9917834,1.2163492,1.0879637,0.19706383,-0.50056964,-0.5720944,0.42049852,-1.250261,0.004763355
13,-0.03966692,0.6944799,0.0,0.0,-2.016328,-0.04761325,-0.6091603,0.0,0.0,1.2139497,-0.19340086,-0.31275052,-1.0251386,0.47942072,-0.3570623,-0.72822285,-0.5021219,-0.46522078,1.0701878,-1.2276518,-0.7451977,-1.1285249,-1.7896558,-0.19279681,1.2332518,1.5566871,-0.21545199,-0.26433665,1.1807252,0.007375926,0.226468,0.48396942,-1.4595246,1.3096223,-1.1982087,0.03899396,1.4721997,-0.015420213,-0.4474131,0.797016,1.314493,0.25553203,-1.3901813,1.34215,-1.7032036,0.5665377,1.4064734,-1.0745043,0.06575387,0.797686,-1.0858816,-0.9599772
14,-0.03966692,-0.018180832,1.0,1.0,-0.44414246,-0.04761325,0.5941193,2.0,0.0,-0.5975913,-0.19340086,-0.31275052,1.3869522,-1.1737542,3.0435312,-1.5231335,-1.1070652,-1.1386573,-0.91531587,0.722669,0.8828314,0.8417239,0.4657171,1.0150316,-1.1914046,0.30297953,-1.7928138,-0.016967773,1.0941027,-0.19899975,-0.64692444,-0.87410694,-0.3346225,1.5844854,2.1123538,0.81435424,1.6865001,0.76790893,-0.66429865,-0.26738557,0.7070223,0.5547421,0.8353852,-0.029258978,-1.2599123,1.4772297,-1.0539585,1.7734243,-1.34962,1.7384381,-0.3858081,1.0974759
15,-0.03966692,-0.21344869,1.0,0.0,-0.051096033,-0.04761325,1.1957592,0.0,2.0,-0.014396508,3.9499705,-0.31275052,-1.0251386,0.47942072,-0.3570623,-1.7290297,-0.15944399,-0.706248,0.55906993,0.42576033,0.05760894,0.65736854,1.5805132,-1.2817776,0.2519637,0.7406796,0.27834478,-0.8243554,1.2044771,-1.0315716,1.2489907,-0.16336887,-1.2320572,1.2571586,-1.3032588,0.981607,0.3362525,1.1876565,1.2774024,-0.38826996,-1.3010502,-0.86940265,-1.5853393,0.5513935,-1.4639983,-1.0482152,-0.96402216,-0.21293502,0.6260343,-0.09285051,0.059682783,-1.5127264
16,-0.03966692,-0.2738624,1.0,1.0,-0.051096033,-0.24195303,0.14288945,2.0,0.0,1.4790411,-0.19340086,-0.31275052,1.3869522,0.47942072,-0.3570623,-0.57973087,-0.9491295,0.9145327,-1.9118731,0.26897165,0.89779454,-0.008001585,-1.6868645,-0.76459265,-0.881361,-0.7280441,-0.9744169,1.6760378,0.9112166,1.3380458,0.79532206,-0.6130931,1.6301461,0.017551877,-0.8944564,0.7465876,-0.8509514,0.99002236,1.0427151,-0.7963273,-0.19294107,0.57324433,0.79922616,0.10647274,-1.0083957,-0.57861406,0.663726,-0.036639273,0.73573554,0.72613,-0.4572254,-1.4913046
17,-0.03966692,-0.70377505,0.0,0.0,0.3419504,-0.04761325,-0.45875037,1.0,0.0,-0.05518064,-0.19340086,-0.31275052,0.1809068,0.47942072,-0.3570623,0.61028904,-0.45571804,0.33864892,-1.520016,-1.3276291,-0.0779752,0.5346428,-1.4314771,0.9501987,1.2591265,0.7286686,0.672394,-0.9080183,-1.5068024,-0.724626,-1.2337532,-0.35997626,0.9825389,-0.72458243,1.6608658,-0.24571505,-1.1903441,0.32784805,-0.08704659,-0.6501866,0.00085349916,1.4601445,1.0991962,-0.71099895,1.5180645,-1.0324312,-0.3735761,-0.32903668,1.6817043,-1.5963436,0.56743413,-0.0018248694
18,-0.03966692,0.38219392,0.0,1.0,-0.051096033,-0.43629283,-1.4364151,2.0,0.0,0.18060094,-0.19340086,-0.31275052,0.1809068,0.47942072,-0.3570623,-1.2127346,0.49222296,1.1417502,0.82357436,-1.5595889,1.2439276,-0.5308815,1.140803,0.25441968,-1.4322124,0.9881916,0.042626467,-0.15857553,0.3767812,-0.30393246,-1.5395719,1.4387288,-0.713507,-0.73097986,-1.4117293,0.70315135,1.4145119,-0.32999885,1.3182584,-0.65535,-0.448776,-0.78734964,-0.53516084,0.2282431,-0.6124108,-1.4155105,0.64735186,-0.5506399,-0.41415888,-0.97514194,-1.5261115,0.52776545
19,-0.03966692,-0.51250154,0.0,1.0,-0.44414246,-0.04761325,1.1957592,2.0,0.0,-0.4271892,-0.19340086,-0.31275052,1.3869522,0.47942072,-0.3570623,-0.28437096,1.4554634,-1.4667764,1.0349921,-1.7599759,-0.9712247,-1.6247334,-0.060122985,-0.4283802,-0.60043585,1.8144629,0.09155889,1.5128361,1.2534951,-0.68630314,0.58840775,-1.1626499,-0.43510997,0.74863845,0.566852,-1.5664414,-1.4822289,0.80005753,0.89523524,0.5120485,-1.0086008,0.7940928,0.47347936,-1.2247504,-1.1783025,0.38065434,1.6895539,0.4106382,-0.757169,0.8354426,-0.9892058,0.48080033
20,-0.03966692,-0.54856485,0.0,0.0,-0.44414246,-0.04761325,-1.2108002,1.0,0.0,-0.87212265,-0.19340086,-0.31275052,0.1809068,0.47942072,-0.3570623,-0.31670105,-1.5318414,0.17807165,-0.12363217,1.2698776,0.9440172,-0.6694797,0.41494033,-0.7681663,0.5710949,0.47255027,0.21492368,-1.1802577,0.6295603,0.041260753,0.89471895,-1.7077669,0.88180983,1.7174648,0.6310005,-1.3683604,1.4644074,0.010232421,-0.6898303,0.41553694,1.1706337,-1.3768219,0.41168085,0.47889212,1.5133814,-1.504859,-0.014276123,0.9184273,0.53029424,1.3320557,0.5924586,0.44537997
21,-0.03966692,-0.12797974,0.0,0.0,-0.051096033,-0.04761325,0.89493924,0.0,2.0,-0.22396818,-0.19340086,-0.31275052,-1.0251386,0.47942072,-0.3570623,0.36408243,-1.0882282,1.2965633,-0.093161784,-1.7504395,1.3342456,0.597765,0.45781657,-1.417705,0.75005686,-0.47528836,0.89200586,-1.1981033,-0.68375665,-1.5545101,-1.6036549,-0.6968107,0.76128834,-0.21847585,-0.465622,1.4885446,0.7777016,1.5360347,-0.5943112,-1.1474509,1.544489,-1.4695321,1.219407,1.5823684,0.7764823,0.23062259,-0.5153876,-0.5960736,-1.5626907,-0.31701088,0.05672642,-0.9468546
22,-0.03966692,0.598534,1.0,1.0,1.5210897,-0.04761325,-0.3083404,1.0,0.0,2.4807549,-0.19340086,-0.31275052,0.1809068,0.47942072,-0.3570623,1.6135129,1.6746641,-0.57220894,0.2149231,1.1710591,0.4912572,-0.51125634,1.1172656,0.14508867,0.4494137,1.0320534,-0.88947344,0.66765356,-0.92490476,0.46252984,-0.78143626,1.0165645,-0.5002384,1.7545562,-0.9404006,0.69214094,1.2246749,1.1678383,0.21788916,0.1498304,-0.75794727,1.0280826,1.1363906,0.060115848,0.014658432,1.3471985,0.17917015,-1.2948667,-1.4176068,1.0080692,0.13667053,0.17164823
23,-0.03966692,0.06198682,0.0,1.0,-0.051096033,-0.04761325,0.51891434,1.0,0.0,1.2706751,-0.19340086,-0.31275052,1.3869522,0.47942072,3.0435312,-0.2506455,-1.5586927,1.1264714,-0.58348536,-0.24856865,-0.01790508,-1.2298849,1.5278707,1.5562483,-1.676975,-1.495161,-0.55803525,1.7079463,-0.17150639,1.4546285,-0.4877934,-0.07418256,1.2250726,0.65314287,-0.43280435,-0.2325736,0.42022663,-0.55769753,-0.9860362,-1.0352618,0.7665994,-1.0485593,-0.9266428,-0.7331236,1.736279,1.5801418,-0.1141949,-0.8646502,-0.23360841,1.4055709,0.32451162,1.4235362
24,-0.03966692,-0.47931388,0.0,0.0,-0.44414246,-0.04761325,0.3685044,1.0,0.0,-0.059077144,-0.19340086,-0.31275052,1.3869522,0.47942072,-0.3570623,1.3033967,1.0637426,1.3932918,-0.10401064,-1.2503374,1.1883187,1.5985671,0.47491243,-0.7775288,1.526924,1.632129,1.2631084,0.5859686,1.4262307,-1.0784335,0.3173186,1.7312441,1.8201401,1.1727298,0.6360573,0.3811777,-0.38744974,-1.2112961,1.6264832,0.28023663,-0.53722197,-0.6730098,-0.9732528,-1.0916706,0.5978871,-0.7017481,-0.70388603,1.3081051,-1.4691561,1.6318158,-0.25005278,1.1575278
25,-0.03966692,-0.34584963,0.0,0.0,1.5210897,0.9240857,-0.3083404,0.0,0.0,-0.045503963,-0.19340086,-0.31275052,-1.0251386,0.47942072,-0.3570623,1.1074338,0.62754256,-1.3548014,0.41371265,-0.3083694,-0.4817381,0.03889908,0.48288444,-0.3091151,-0.2847221,-0.91643953,-1.3018448,0.44439945,1.5536591,-1.5728912,0.60012794,0.3041126,0.93424386,-0.58574677,-0.60405743,-0.8409496,1.1648853,1.0855448,1.3131758,-0.838658,-0.47232315,-0.79207945,0.8648726,-0.91603786,0.86491436,0.9377595,0.079531066,-1.015379,-0.87245613,0.3266207,0.86714315,-1.1213067
26,-0.03966692,0.22883381,0.0,1.0,0.7349968,-0.5334627,1.1957592,1.0,0.0,1.5512234,-0.19340086,-0.31275052,0.1809068,0.47942072,-0.3570623,0.4971395,1.3766358,0.89168245,1.2668773,1.4287732,-0.6097715,-0.9850198,1.3088322,-0.31103188,-1.3345959,0.5518643,-0.24535298,-1.0714755,1.3487612,-0.17136334,1.7535853,-0.8500086,-1.5311259,1.561931,-0.47210324,1.4438702,-0.06585401,0.51516896,-1.2928832,-0.8897679,0.55583805,1.335467,1.3428388,1.4323694,0.9770371,1.5173072,-0.9890183,-1.1960143,-0.9501757,0.37060118,-0.40471584,-1.7238123
27,-0.03966692,-0.10859663,0.0,0.0,-0.051096033,-0.04761325,0.6693243,0.0,0.0,-0.99250525,-0.19340086,-0.31275052,-1.0251386,0.47942072,-0.3570623,-1.3212461,-0.70222604,-0.42030868,-0.8170732,0.09504098,0.7466376,1.1125332,-0.51320285,1.4860694,-0.38162634,-0.1682581,-0.4629515,0.9438163,0.72442895,-0.3823687,-0.48453957,-1.5707835,-0.8353451,-1.4747937,-0.33354145,-1.1916484,0.49582407,0.7093213,0.09998479,-0.094130404,-0.58599025,1.3574915,1.9629126,0.51247025,1.230352,-0.41273144,0.27667752,-0.34026027,1.5522206,0.4651438,1.421904,0.39586258
28,-0.03966692,-0.3698305,0.0,0.0,1.5210897,2.8674836,-0.3835454,0.0,0.0,1.1252987,-0.19340086,-0.31275052,-1.0251386,0.47942072,-0.3570623,-1.4599192,-0.6123523,0.4317164,1.3661386,0.4044693,-0.32549414,0.49671632,0.37102526,1.5976776,0.4077397,-1.6624473,1.4764324,-1.2344633,-0.59409183,1.6088055,0.6533136,0.6039118,-0.18989857,-0.28811103,-0.44560212,0.8605234,-0.48557436,-1.5732301,-0.9677638,-1.3304248,1.303044,-0.8638287,-0.76315004,0.55726695,-0.70153815,0.97299063,0.63502663,0.42240822,-0.11704539,-0.3252399,-0.1594604,0.71949273
29,-0.03966692,-0.13844967,1.0,0.0,-0.44414246,-0.5334627,-1.4364151,2.0,0.0,0.08389874,-0.19340086,-0.31275052,0.1809068,0.47942072,-0.3570623,-1.5493714,-0.8668372,0.78378844,0.6113615,0.117912054,-0.65601397,-0.9275624,0.024048703,-0.7233986,0.8686794,1.0707483,0.5700086,0.46683502,1.2689126,0.095942244,-0.69363296,-1.0078293,-1.3861505,0.50401056,1.3153636,0.31869,-1.2931317,0.54382324,1.0377688,-0.5090161,0.10652539,-1.4770854,0.5508796,-1.6754359,-0.5337728,0.9897412,0.42483547,-0.32108292,1.4277781,0.5314864,1.5460128,-0.072263755
30,-0.03966692,0.2802847,0.0,1.0,-0.44414246,-0.04761325,1.1205542,1.0,0.0,-0.9088811,-0.19340086,-0.31275052,1.3869522,0.47942072,-0.3570623,0.51811606,0.4958767,-1.3580735,-1.4662874,-1.4015319,-0.8457526,1.5822874,0.5080856,0.7751871,1.5030786,-1.0376104,0.684864,0.0947022,-0.53074735,0.80595446,1.0899408,0.28961876,0.7145527,1.3567275,-0.22330777,1.1281438,-0.09141982,1.3269819,0.95707315,0.3887448,1.583045,-0.082654715,-0.8216988,0.11023428,-0.443004,1.5086024,-1.2059356,0.5384266,0.17628431,-1.1895298,0.73240024,0.25680935
31,-0.03966692,0.80893993,0.0,0.0,-2.016328,-0.04761325,-0.9851852,1.0,0.0,-0.66414404,-0.19340086,-0.31275052,0.1809068,-1.1737542,3.0435312,-0.24379812,1.5232339,-1.1689165,0.32658505,-0.8338557,0.1826967,-0.4586185,0.55872935,1.3328983,-1.4358189,0.031234944,0.62218434,-0.7303776,-0.6811838,1.5349125,-1.2857302,0.25786307,0.7670497,0.6689265,-1.3500724,1.5689474,-1.6741269,-1.9106514,0.35086128,-1.5810461,-0.6663239,0.8213004,0.41236946,0.29604387,1.4819696,-1.2895601,1.726376,0.60302067,0.62939936,-1.5572588,1.3418131,-0.41792172
32,-0.03966692,-0.5739343,0.0,0.0,-0.44414246,-0.04761325,-0.53395534,0.0,2.0,0.12451065,-0.19340086,-0.31275052,-1.0251386,0.47942072,-0.3570623,-0.37188253,0.47425857,-0.21539238,1.4556742,1.28601,-0.2590798,-0.925682,-0.41966328,1.6656219,-0.6473684,0.09249932,-1.193438,-0.048095483,1.4760005,-0.45823434,-1.6226839,0.3669218,1.0660546,-0.48713726,-1.2100167,-0.57499725,0.99160886,-0.3058726,-1.6524107,0.6946992,-0.8555951,0.040159836,-0.0672816,-1.052031,-0.36836255,-0.762967,0.09765069,-1.1011527,1.7239207,1.2211379,0.8439297,-0.9392
33,-0.03966692,-0.3086709,0.0,1.0,-0.44414246,-0.04761325,-1.66203,2.0,0.0,-0.092262015,-0.19340086,-0.31275052,0.1809068,0.47942072,-0.3570623,1.5565066,1.5914565,-1.1405721,-1.0563508,-1.37263,-0.54013354,0.93632877,1.6007557,0.15362878,-0.24021608,0.98227423,1.0551523,0.051473837,-0.14287981,-0.44707948,-0.1478572,-0.2822245,-1.3300532,1.6600431,0.3821913,0.60021746,-0.17133228,0.83511955,-0.89292103,1.2351445,1.5112281,-1.3056387,-0.02578205,-1.5972537,0.9805692,0.064379066,-1.733751,1.5199419,1.4640906,-0.65406674,0.885114,-1.5831796
34,-0.03966692,-0.38483047,0.0,1.0,-0.051096033,-1.116482,2.0230138,1.0,0.0,-0.092434235,0.36923015,-0.31275052,1.3869522,0.47942072,-0.3570623,0.51906955,-0.59229684,-1.4481878,-0.8646504,-0.0012424943,-1.4643608,1.2252849,-0.38141504,0.089069635,1.6623782,1.6520548,0.5678432,0.80850947,1.0736933,0.3969882,0.4274094,1.2809818,-1.2903026,1.8303189,-0.64122033,-1.0331978,0.41907576,0.0147102075,0.31610334,1.3253068,-1.7431335,-1.2363187,-0.89632887,0.19809037,-0.48903957,0.4658975,-0.3345042,-1.5313874,0.991162,0.10767587,-0.32905978,-0.8316813
35,-0.03966692,-1.0785007,1.0,1.0,1.5210897,-0.04761325,0.21809444,2.0,0.0,-0.6276654,-0.19340086,-0.31275052,0.1809068,-1.1737542,-0.3570623,1.2607644,0.43913022,-1.2021546,-0.52845913,1.5347227,-0.68614,-1.2736459,-1.6024857,-1.3611377,-1.5761132,-0.00973186,1.2015437,1.5874479,1.3133593,-0.5292805,0.7028255,-1.6520973,1.0182544,-0.74443454,0.90226734,-0.8342662,-0.053534225,-0.33851388,0.5565009,-0.6631947,-1.1235006,0.08771882,1.1660004,-0.39486232,1.6316696,-0.19233379,-0.44386834,-0.27359694,1.5984346,-0.6029366,0.47038096,0.0738585
36,-0.03966692,-0.43637356,0.0,0.0,1.1280432,-3.2542198,1.947809,0.0,0.0,-0.21072868,3.5048618,-0.31275052,-1.0251386,0.47942072,-0.3570623,1.6574769,-1.4844701,1.7121207,-0.69662285,0.90550077,-0.8692025,0.67936313,-0.68052447,-0.9658931,-1.0928173,-1.0670983,1.2177937,-0.13771547,-0.75490916,1.052379,0.18499869,0.5660249,-0.7339904,-1.0422575,-1.0578645,-0.65426636,-0.32916173,0.32500228,-0.2744054,-0.4571453,-1.0839734,-0.45707142,0.38375136,-1.2608558,0.9104582,1.3369044,0.20834042,-0.5485883,1.6304994,-1.1895611,-1.0319972,0.9446395
37,-0.03966692,-0.4793528,0.0,1.0,-1.2302353,-0.04761325,-1.737235,2.0,0.0,-1.7492667,-0.19340086,-0.31275052,0.1809068,0.47942072,-0.3570623,1.057259,-0.39602998,-1.2157605,0.35533983,-0.65800786,1.4480476,-1.4580115,0.029488938,-1.0368623,1.59207,1.8097696,0.11906268,0.6935081,1.2217546,1.3820376,-1.2608129,-0.6654714,1.0924062,-0.748927,0.01748349,1.6564105,-0.10147239,0.08251634,-0.8867586,-1.3183161,1.3292748,0.7462605,-1.1154032,1.5266777,1.4064795,-0.56525123,1.334343,-1.1554571,-0.9223501,1.3958273,0.13969673,-0.35433134
38,-0.03966692,0.44300613,0.0,0.0,1.1280432,0.9240857,-0.3835454,1.0,1.0,0.58047706,-0.19340086,-0.31275052,0.1809068,0.47942072,1.3432344,-0.70981157,-0.9138107,-0.9428779,-0.32865092,-0.12631108,-1.2821127,0.7478729,-1.5265214,-1.1263934,1.3938962,-0.34267393,-1.4260173,-0.36630312,-1.2627472,-1.4940277,1.7246835,-1.5613775,0.92132664,-0.10692725,-0.724891,1.2865726,0.061604857,-1.855941,-0.29637527,0.38388315,-0.3108639,-0.76549023,-0.41642645,-0.67861617,-0.082130976,1.5996127,1.4801862,0.24823757,1.3380498,-1.0586249,0.50013113,1.1103969
39,-0.03966692,-0.09631523,0.0,0.0,-0.44414246,-0.04761325,-1.0603902,1.0,0.0,0.028475806,-0.19340086,2.8725698,0.1809068,-1.1737542,-0.3570623,-0.842336,0.2219019,0.18338917,-1.5847002,1.4746926,-0.26949173,0.20018151,-1.7615426,0.11597037,-0.16471292,1.4655632,-1.6365296,1.3581805,-1.1836535,1.1631101,0.97019625,0.31725907,-0.46179378,-0.091724284,0.9546623,-0.52067417,-1.5289549,0.5613386,0.9305959,-0.81692046,-1.025205,1.1643608,-0.33785173,-1.4853045,1.3027742,-0.8624828,-0.4286419,0.33758157,-0.13258111,-0.8630361,-0.8700341,-0.017088674
40,-0.03966692,-0.736759,0.0,0.0,-0.44414246,-0.04761325,0.44370937,0.0,1.0,-0.33836612,-0.19340086,-0.31275052,-1.0251386,-1.1737542,-0.3570623,-1.3065721,1.3493541,-0.6604761,-1.4326694,-1.2023734,-0.8906255,1.3370283,-0.33717594,0.88729936,1.1676283,-1.3650198,0.22529556,1.1433461,-1.05437,1.4936416,0.17995599,0.006484052,1.8173854,-1.0891073,1.9439404,-0.96713924,0.19819385,-1.7472987,-0.38216734,-0.9544584,0.8888647,1.4546052,-1.0488017,-1.5265423,0.5756215,1.5382364,1.6352403,1.3690665,0.77713853,0.36790162,-1.6438622,1.5432118
41,-0.03966692,0.23803675,0.0,0.0,0.7349968,-0.04761325,-0.3083404,0.0,0.0,3.8138547,-0.19340086,-0.31275052,-1.0251386,0.47942072,-0.3570623,0.2241946,-0.079224005,-1.463767,-1.3403065,-0.65671873,1.8407587,0.433415,0.6136757,-0.33673254,0.86765957,-0.94217646,-0.9115788,0.1422613,-1.2546935,1.2977881,-0.81095654,-0.11334686,1.5998611,-0.41020828,0.5894792,0.59417576,-0.23812343,-1.0828351,0.22377257,1.0629462,-0.36090216,0.48636582,-0.68641055,-0.37312567,1.5687597,-1.4104356,1.4581021,-1.4386147,1.0667976,-0.32258764,0.7486262,-1.0118115
42,-0.03966692,-0.19266129,0.0,0.0,1.914136,-0.04761325,2.6998587,0.0,0.0,-1.1577623,-0.19340086,-0.31275052,-1.0251386,0.47942072,-0.3570623,-1.1386083,-1.3368118,-1.5035229,-0.61196375,-1.681322,-0.58166945,1.212771,0.60868233,-0.2146736,-1.6361687,-1.5157212,1.4952924,-0.20026623,0.21939315,0.78260124,0.448409,0.85586613,0.26453352,0.052619163,0.12699962,1.3159245,1.6771266,-0.6263323,-0.9550697,1.5260731,-0.78140193,0.58462197,-0.7458642,0.34782654,-0.64408463,-1.4906355,-1.7726909,-0.5750825,-0.16341978,-0.10732937,-0.15976757,-0.021921797
43,-0.03966692,-0.7882289,0.0,1.0,-2.4093745,-1.6023315,0.3685044,2.0,0.0,0.2416426,-0.19340086,2.6036198,1.3869522,0.47942072,3.0435312,-1.2997957,0.5214736,1.0154911,-0.36637306,-0.24682857,-1.1437404,-1.5627674,-0.9818775,-0.1743525,-1.32566,-0.40724015,-0.2695181,0.14549628,0.7093015,-0.0047344402,-1.0596026,-0.7524249,-0.17970213,0.23229216,0.0054386654,-0.45857605,1.4214681,0.4225265,1.740745,-1.2262468,0.5264079,-0.18931992,-0.4448983,-1.5602841,1.3804,-1.6071212,1.1390965,-0.3388815,1.2140231,-1.4965222,-1.5409893,-0.3995956
44,-0.03966692,-0.2958879,0.0,0.0,-0.44414246,0.9240857,-0.6091603,0.0,0.0,-1.0057555,-0.19340086,3.1396904,-1.0251386,0.47942072,-0.3570623,0.3779711,0.52524745,-0.57773036,0.3540265,-0.4514665,-0.97671986,-1.2529696,-0.9819942,1.3370978,-0.737595,0.30008897,-1.3980342,1.7176541,1.2754422,-1.3154088,-0.91606665,1.3222115,-0.68990284,-1.3836958,0.6783503,-1.3388131,-1.4996806,0.29774034,1.9076587,-1.1663386,1.1571543,0.2997062,1.4990677,-0.5777785,-0.53090525,0.21900399,-1.0429904,-0.5660903,-1.3593192,1.2731621,-0.046415012,-1.3299112
45,-0.03966692,-0.29242867,0.0,0.0,0.7349968,-0.04761325,-0.08272547,1.0,0.0,1.7843462,-0.19340086,-0.31275052,1.3869522,0.47942072,-0.3570623,1.4086369,-0.9129903,-1.382971,-0.18379948,0.38796088,0.35443217,0.52599144,-0.37239808,1.138186,0.4299588,-0.9628794,1.1466248,-1.4692304,-0.58751625,0.31561115,1.6865088,-0.5853221,-1.020575,0.66419864,1.5153898,-0.77141404,0.029594228,0.6113903,0.38947043,1.3752931,-1.1115757,0.97345775,-1.3064542,-0.579574,1.3015039,0.092957206,1.507907,0.53680766,1.0045825,-0.8106392,0.01190976,-0.113098845
46,-0.03966692,-0.41494069,0.0,1.0,-0.44414246,-0.04761325,1.3461691,1.0,0.0,-1.7951638,-0.19340086,-0.31275052,1.3869522,0.47942072,-0.3570623,-0.7309115,-0.10441304,0.63403,1.4207481,0.0014979832,-1.2335296,-0.4071342,-0.7709635,-0.74162334,-0.17218663,-0.5543356,0.79751515,-0.18941441,1.2181408,-0.8230508,1.7195683,-1.4156911,0.49196115,-1.296957,-0.7446936,1.0115365,0.16463292,-0.67110723,-1.4991474,1.3274535,0.47224444,-1.5963959,-0.29091847,0.026244668,-1.619648,-1.3478411,0.48049274,1.4680557,-0.5977557,-1.4736533,-0.028503368,0.9685902
47,-0.03966692,-0.026906833,0.0,0.0,-0.051096033,-0.04761325,-1.586825,2.0,0.0,-0.081455134,-0.19340086,-0.31275052,0.1809068,0.47942072,-0.3570623,0.9332267,1.0170614,1.0340849,0.642985,-1.5618415,0.8180296,1.4693844,-0.101578236,-0.7048687,1.3300071,1.057494,0.0071810167,-1.6979648,-0.38902506,-0.45381546,0.8754326,1.5942115,0.031887826,-0.12334452,0.63913816,0.21532772,0.5576966,-1.2327412,-0.14485458,1.1349676,0.17408419,-0.41567564,-1.0331995,-1.0886935,-1.51212,1.3057843,0.17690773,0.86984724,0.649746,0.44564393,-1.3114234,-0.24175635
48,-0.03966692,-1.0051427,0.0,0.0,0.7349968,1.8957846,-0.007520498,0.0,0.0,-0.14914884,-0.19340086,-0.31275052,-1.0251386,-1.1737542,-0.3570623,-0.6788567,-1.621949,0.15009663,1.4043806,1.4386008,-1.1529565,0.9128214,-1.7571954,-1.11824,-1.2075777,-0.6724387,-1.7789111,-1.0144845,-1.5971992,0.63995796,1.3061185,0.061034217,-1.5112598,-0.9029842,-1.2298005,1.6512098,-0.04282341,-1.4028217,0.38729587,-0.9326472,0.35127378,-0.23757862,0.61496806,1.0994054,-0.009301685,-1.1059917,-0.19659075,0.35167643,-1.067738,1.2836666,0.67995816,-1.4008152
49,-0.03966692,-0.15465266,0.0,0.0,0.3419504,-0.04761325,-0.90998024,2.0,0.0,-0.6491177,-0.19340086,-0.31275052,0.1809068,-1.1737542,-0.3570623,0.93160117,0.8641231,0.41635102,-0.09311284,-0.13836782,-1.2437588,-1.5237436,0.9718687,-0.2352613,0.27475038,0.6098819,1.1174457,0.61999506,-0.28460827,0.0013523126,-0.8570201,1.2782915,0.42494118,-1.5096022,1.264563,1.6914908,1.4707917,0.44740406,0.63400704,1.7647659,0.9652572,-0.5714758,1.5128608,1.5572017,-0.19918212,-0.41702804,0.08988501,-1.0883963,1.1213272,-0.8980086,0.89231277,-0.56010586
50,-0.03966692,0.39542732,0.0,0.0,-0.44414246,2.8674836,0.3685044,0.0,0.0,2.0046494,-0.19340086,3.1671343,-1.0251386,0.47942072,3.0435312,-0.81169283,1.1385599,1.7095724,-0.70731366,1.3216704,-0.9149625,-0.34838027,-0.5839091,0.4321315,-0.47366098,-0.7862619,0.3283861,-0.09711255,0.5858992,0.0683855,-0.2641832,-0.05086106,1.2162023,0.8971719,-0.3193462,-0.1338204,-1.6457032,1.2128587,1.8983343,0.88967645,1.2671657,-1.1805865,-0.3226323,-1.2501199,-1.5803256,-0.4005238,0.107736334,1.159027,1.2722663,-0.7810924,1.3392093,1.4422609
51,-0.03966692,0.32655248,0.0,0.0,-0.44414246,0.4382362,0.51891434,1.0,0.0,-0.4538727,7.8026586,-0.31275052,1.3869522,0.47942072,-0.3570623,0.37596378,0.9659893,1.632095,-0.07575275,-1.4157901,-0.91109157,0.2882151,0.5475319,-0.30642304,-0.6380955,1.0809911,0.52970684,1.2970799,0.375131,0.5255285,0.011848518,-0.46017632,0.4791754,0.4451558,-0.7592197,-0.57655686,-1.4435769,0.42288068,-1.1877259,-0.04336641,1.5959548,1.1792854,1.0470233,1.1276673,0.69941497,1.5051783,-1.2101822,0.5871826,-0.38219872,-0.34868565,1.6575365,1.1372399
52,-0.03966692,0.43622518,0.0,0.0,-0.44414246,2.381634,0.3685044,1.0,0.0,-0.5214265,-0.19340086,-0.31275052,1.3869522,0.47942072,-0.3570623,-0.7181221,0.20902139,0.7530442,0.10762159,-0.55466986,-1.3436041,0.68725467,0.7188035,-0.3448592,-1.4852618,-1.4746437,0.55638695,0.7964063,1.2447578,-0.55432457,0.39072528,0.55191225,0.91663,1.7420613,-0.20202678,0.33569217,1.2591659,1.1789043,-0.99659765,-0.97009116,-0.5188433,-0.87948865,-0.7651974,1.4458045,0.36493894,0.90400654,0.13732734,-1.4425701,-0.22497423,-0.8663041,-0.7442986,1.0414878
53,-0.03966692,0.4410362,0.0,0.0,-0.44414246,-0.04761325,-1.1355952,2.0,0.0,-0.88628787,-0.19340086,-0.31275052,0.1809068,0.47942072,-0.3570623,-0.23183906,0.3503876,-0.71179575,-1.95344,-1.0522838,-1.2206376,1.4003495,1.3612642,0.06063645,1.2736949,-0.6479598,1.0006275,-0.8475729,0.06400106,-0.75239193,-0.6648575,0.3254259,-0.79806805,0.7766164,2.160098,1.3344758,-1.3029811,-1.96839,0.20411864,1.3644234,0.6568625,1.0430952,0.74992657,-0.37232462,-0.55925274,0.672849,0.94120675,1.2354585,-1.1072947,-0.5568771,-1.6127778,-1.090552
54,-0.03966692,0.59913296,0.0,0.0,1.1280432,-0.04761325,2.098219,1.0,0.0,1.9339957,-0.19340086,-0.31275052,1.3869522,0.47942072,-0.3570623,-0.2701221,1.0159066,1.5565209,0.95038116,0.3234089,0.42734334,-1.0864269,0.6868282,-0.5777737,0.5805018,0.259795,-0.21225761,0.7699662,-1.3694754,-0.16087693,-1.2965605,-0.39576945,0.08322608,1.2270399,-0.63767725,0.47461933,1.211609,-1.2732483,-1.4508678,0.6462242,-1.2319431,-1.2852795,-0.5794421,0.45422137,0.017477052,-0.7436552,-1.6932466,0.96894586,-0.6885158,-0.88584113,0.27527973,-0.21733485
55,-0.03966692,-0.519902,0.0,0.0,1.1280432,-0.04761325,-0.007520498,0.0,0.0,0.16992323,-0.19340086,-0.31275052,-1.0251386,0.47942072,-0.3570623,-1.4560605,-0.933173,1.5105,0.91880524,-1.3605101,-0.6273304,-0.76360625,-0.053759005,1.2808738,0.1521717,-1.4267136,1.3103735,-1.3018591,-0.28318876,0.5748551,0.5214046,-0.75353765,0.27395922,0.42938817,-1.3529986,1.2646242,-0.37562802,-0.43393233,0.025153304,1.1434727,-0.4401254,1.3179992,0.25499734,0.84214234,0.9489584,-1.3274901,0.17455894,-1.0932736,-0.62796086,0.08136785,-0.64149994,1.7610681
56,-0.03966692,0.32356173,0.0,0.0,-2.8024209,-0.04761325,1.2709641,0.0,0.0,0.050767686,-0.19340086,-0.31275052,-1.0251386,0.47942072,1.3432344,-0.6636578,-0.5355023,0.33140677,-1.0909013,1.4285591,1.8883424,0.3031605,1.0808301,-0.28458706,-0.26324758,-0.4280646,1.1494876,1.0385897,-1.782514,-1.2987503,-0.02448499,0.08294389,-0.08007788,-0.43342325,-1.3312854,-1.1701627,1.5004133,0.3944986,-0.3114809,-0.7817238,-1.5362225,-1.2274343,1.4908823,-0.35370427,0.28597823,-0.9774937,0.9804043,-1.1250495,-0.8819076,-1.547273,-1.5720731,-1.12099
57,-0.03966692,-0.838794,1.0,0.0,-0.44414246,1.8957846,0.14288945,0.0,0.0,-0.7130226,-0.19340086,-0.31275052,-1.0251386,0.47942072,3.0435312,0.29902306,0.99501765,-0.9145871,-1.1583647,-1.2362688,0.46763524,1.5542518,-0.004346005,-1.5302064,0.8267252,-0.81098145,-1.701694,0.94477487,-1.568141,-1.419794,1.6325653,1.1691201,-0.4996904,-0.30835932,-0.8105508,0.22167334,-0.34915355,-1.5539503,-0.83149344,1.1648045,-1.1130793,-1.1424197,-1.1974372,0.79813975,1.143835,0.13657126,-1.4558063,-0.7769551,-0.7768151,-0.7724399,-0.4944115,-0.6651443
58,-0.03966692,-0.2985656,1.0,1.0,-0.44414246,-0.04761325,-1.66203,2.0,0.0,-0.1329385,-0.19340086,-0.31275052,0.1809068,0.47942072,-0.3570623,0.5700164,-1.3312874,-1.0196509,0.8990355,-1.1555842,0.39077288,0.08779336,0.0051567773,1.4706393,-0.6268828,-1.5220618,-1.5369874,1.5640017,-0.046891212,-0.8882392,-0.26978847,-1.0120374,0.6460263,-1.2724816,0.7030598,0.821956,-0.81579965,1.5486375,-0.46689913,1.7499335,-0.55027264,-0.24412893,1.1642293,0.70304775,-1.4870198,-0.63116384,-0.27851522,-0.3458862,-0.051969066,-1.1948899,0.8725197,-1.0324439
59,-0.03966692,-0.86180407,0.0,0.0,-0.44414246,-0.04761325,-0.7595703,1.0,0.0,-0.7407071,-0.19340086,-0.31275052,1.3869522,0.47942072,-0.3570623,0.056572687,0.7050597,-1.0005962,0.37948182,0.70319176,-0.9907661,0.266918,0.10559069,1.5778521,1.1318989,-0.25019792,0.45222455,-0.31138363,-1.0726664,-1.0697651,-0.9904416,-0.19210413,0.06631901,-1.6216152,-1.5306373,-0.70272315,-0.3083317,-0.804873,-1.5490406,-1.7900206,-0.36494446,-0.95003504,-0.34592623,1.1312382,-1.739477,0.63589334,0.8375235,-1.3571315,0.12368574,-1.0899241,-1.0362811,-0.96297115
60,-0.03966692,0.41044205,0.0,0.0,1.1280432,0.4382362,0.2932994,0.0,0.0,-1.1664164,-0.19340086,-0.31275052,-1.0251386,0.47942072,-0.3570623,0.16934553,-1.6308196,-0.11843273,-0.8265868,0.61987704,0.85727036,0.912168,1.4070659,0.030090764,-1.6521298,1.6193104,-1.6022263,1.482436,0.9087917,-1.2244319,-0.3894923,0.19788837,-0.24261989,1.0760412,-1.45406,0.10173504,-1.3118794,-0.4853721,1.1266726,1.1685107,-1.2897632,0.53893775,-1.3334361,1.199799,-0.42411155,-1.0061483,0.36147502,-1.5044154,1.1737803,1.5652621,1.7143431,-0.48408133
61,-0.03966692,0.5330839,0.0,0.0,-0.051096033,-0.04761325,0.44370937,0.0,2.0,2.0598786,-0.19340086,3.1396904,-1.0251386,-1.1737542,-0.3570623,-0.8855323,1.4601159,1.5075068,1.3867695,1.2920258,0.6907437,-1.6591823,0.74662423,1.51057,-1.0064789,-0.7890835,-0.9448379,0.9728782,0.28018284,-1.7748035,0.17897771,-0.67894673,1.0021583,0.46877128,-0.3031424,-1.2675711,-1.4951108,0.595703,0.609464,-0.7763035,1.1664203,-1.454672,1.4889934,-1.0728921,0.70250535,-0.73468673,-1.4240063,-0.53576005,0.87760764,0.7245629,0.8445216,-0.81760484
62,-0.03966692,-0.12444327,1.0,0.0,0.3419504,-0.04761325,-0.08272547,0.0,0.0,0.7000847,-0.19340086,-0.31275052,-1.0251386,0.47942072,-0.3570623,1.082915,-1.3738271,-0.92234594,1.4195043,0.011167158,1.0929846,0.32306683,-1.0046953,-0.6069216,0.76728845,0.0061888313,0.65588516,1.3020617,-0.2423164,1.1111165,0.252389,1.6856984,0.0226266,1.8583121,0.5301788,0.9131053,1.144654,1.1773064,-0.2942539,-1.4138782,-1.7017902,1.2443146,-0.89830923,1.2261672,-0.076657236,-0.1993675,1.5838246,0.21607465,-1.5783966,1.132337,-1.429759,0.123294316
63,-0.03966692,0.722424,0.0,0.0,1.1280432,0.4382362,-0.6091603,1.0,0.0,-1.0844822,-0.19340086,-0.31275052,0.1809068,0.47942072,-0.3570623,1.0297922,-0.07921255,1.418301,-1.5990463,-0.7243874,1.602857,1.0551679,0.016399283,-0.56832767,-1.2299335,1.345676,-1.0640095,0.754,-0.43315274,0.30010623,-1.1087325,0.20395575,1.2725468,-0.21856512,0.43332,-1.0911914,1.4615551,0.7471559,-1.1378331,1.6941824,1.3117695,0.28728196,1.6846523,1.349648,0.9788439,1.1612856,-1.663068,-0.88051504,0.74112046,1.108179,-1.1351349,-0.16593714
64,-0.03966692,-0.32941708,0.0,0.0,1.1280432,0.34106633,0.06768448,0.0,0.0,0.25124392,-0.19340086,-0.31275052,-1.0251386,-2.826929,-0.3570623,-0.60221386,1.2799449,-0.13112625,0.66321653,0.45530224,-0.46560705,1.5958617,1.057081,-0.67150193,-0.35135537,-1.0905955,1.2731882,-1.0955442,1.5794953,-0.6946871,0.50717825,-0.6141958,0.79292464,0.89127547,1.9027271,-0.08857199,-0.7692731,0.48977497,-1.6308752,0.41105554,-1.6262833,1.0866996,1.5191277,0.8573314,0.286623,-1.5867648,-1.2053813,1.4828433,-1.7152277,-0.5912265,-1.5149353,0.12757768
65,-0.03966692,0.025012907,0.0,1.0,-1.2302353,-0.92214227,0.51891434,1.0,0.0,0.49186924,-0.19340086,-0.31275052,1.3869522,0.47942072,-0.3570623,0.44461608,-1.3147734,-1.271084,-0.9387475,0.2276506,-0.17921148,-0.88123775,-1.6379787,0.99894893,1.5359672,-0.54902506,1.3399298,-1.115413,-0.18549171,0.077895336,1.7153407,-0.9226971,1.3286802,-0.8291951,-0.7780995,-1.6171288,-0.92342305,-1.8106681,1.6044948,-1.8539363,1.1500348,0.1442266,-1.1478691,-0.42587388,0.11975574,0.50709456,-0.38855687,-0.99897027,-1.0276842,0.045460988,0.2977163,1.5173856
66,-0.03966692,0.026012987,0.0,1.0,-0.44414246,-0.04761325,-1.1355952,2.0,0.0,-0.51538795,-0.19340086,-0.31275052,0.1809068,0.47942072,-0.3570623,-1.3077242,-0.68581647,0.06553469,0.79339385,-0.58160263,0.007933963,1.5843725,-1.8019749,-1.3102483,-0.9574937,0.71824104,-1.137955,-0.4490058,0.4457167,-0.09986028,-0.5225144,1.4633063,-0.118500896,-1.5686122,1.444675,1.4129341,-1.046047,-0.06080223,-1.4722053,-0.739267,1.637961,-0.3590356,-0.19991316,-0.95203763,-1.1724007,-1.3668171,-1.8495413,1.1800139,0.4154962,-1.5444349,-1.3771915,1.7036457
67,-0.03966692,-0.49666733,1.0,0.0,-0.44414246,-0.04761325,1.3461691,1.0,0.0,-0.9990066,-0.19340086,-0.31275052,1.3869522,0.47942072,3.0435312,1.016284,-1.0677754,1.7511343,0.25475106,-0.46451527,-1.1992168,-1.4605701,-0.809477,-1.0926801,-0.23393361,0.2298267,-0.57604873,-0.7081759,1.2238101,-0.04262565,1.686427,-0.77140754,-0.6741461,0.8923691,-1.0740987,1.6418728,-0.79542357,1.0987679,-0.082080305,0.99652946,-0.76626754,0.5303091,-0.6443696,0.45380607,-0.61152947,-1.5744784,1.5685763,-1.2759641,-1.7168391,1.5910193,1.2667603,-1.5581278
68,-0.03966692,0.14840174,0.0,0.0,1.1280432,-0.5334627,0.9701442,0.0,0.0,0.23463534,-0.19340086,-0.31275052,-1.0251386,0.47942072,-0.3570623,-0.8953662,0.06268911,-1.2354472,-0.46779174,1.4622824,1.0085334,0.2417738,-1.4078715,0.22156623,1.5275038,1.5500318,0.3828305,0.6249789,0.6229197,-1.8815029,-1.5014408,0.5864898,0.17060119,1.2855347,-0.5484137,0.20361902,-0.14569016,0.6305403,-1.4811347,-0.20480266,0.9938438,-1.7226055,-0.38064525,-0.5352845,-0.25111738,0.55291533,-0.13268685,0.9392895,0.03758747,-0.60208833,1.2543975,-0.19526419
69,-0.03966692,0.79299414,0.0,0.0,1.1280432,1.4099351,-0.23313543,0.0,2.0,1.1611423,-0.19340086,-0.31275052,-1.0251386,0.47942072,-0.3570623,-1.0254332,-0.55974215,1.4977584,1.4813083,0.26392,-0.7554028,-0.25792962,1.200216,-0.7937174,-0.8027678,-0.57065785,-0.5026611,-1.2483791,-1.0275953,-1.6352457,0.034319557,-1.2225723,-0.97093135,-0.63590634,0.022597602,-0.50829977,0.15598886,-1.8152009,-1.6540644,-0.67240787,-0.23977937,1.4328412,-1.5052786,1.2199298,-1.2114632,0.13833141,0.9444048,1.0336989,-1.0358663,1.1552771,-1.5078781,-0.49252394
70,-0.03966692,-0.47980592,0.0,0.0,-0.44414246,0.9240857,-0.15793045,0.0,0.0,1.0993042,-0.19340086,-0.31275052,-1.0251386,0.47942072,-0.3570623,1.5895061,0.8821347,-0.15181413,-1.1917782,-0.41378582,-0.07151768,1.5031488,-1.1249979,1.0694308,1.1341506,-0.6786062,0.97821546,1.6712811,-0.21707568,-0.67180884,-0.052207053,0.1260974,0.38028347,0.12137281,1.6272497,-0.68674856,1.7060115,-0.11532639,-1.4214225,-1.1109881,0.1270541,0.9016496,-0.87662566,1.6492031,-1.3870888,1.5153002,-1.1598095,0.44987124,0.8356075,-0.92085874,-0.29109475,-1.4638063
71,-0.03966692,0.34653854,0.0,0.0,-0.44414246,-0.04761325,0.9701442,0.0,0.0,1.2573386,-0.19340086,-0.31275052,-1.0251386,0.47942072,-0.3570623,1.2275457,0.055687062,0.7195152,-0.101350375,1.3415048,0.49079502,-0.19465978,0.8574793,0.5357382,-0.032730848,-1.4279554,1.4798311,-1.4337772,-0.37992597,0.9847858,-0.865489,-0.6792611,-1.1930928,-1.3010191,0.826826,-0.891774,-1.455007,1.3794403,-0.6814676,-0.05953801,0.35598058,0.34352896,-0.26337764,0.29392853,1.1636372,0.071167156,-0.75868845,-0.7746541,-0.6518032,0.024563707,1.3691322,0.26172054
72,-0.03966692,-0.10601724,0.0,1.0,-0.44414246,0.24389642,0.7445293,1.0,0.0,0.26355773,-0.19340086,-0.31275052,1.3869522,-2.826929,-0.3570623,0.79872894,0.36752808,-0.4647769,1.5500677,-1.5580857,-0.21760294,-0.6327431,-1.0268778,-1.4465308,-0.2289553,1.8674697,0.5837287,-1.223415,1.1731219,0.9759934,1.4502031,-1.0301172,1.2154974,-1.6660646,-0.4297926,-0.28056952,-0.4360606,0.039775763,0.7520115,-0.8133617,-1.4980692,-1.6065706,-0.11905967,1.5015401,0.42686257,-0.32090977,1.1155415,1.7329687,1.6960914,-1.1248341,-1.0493536,-1.2310524
73,-0.03966692,0.72026914,1.0,0.0,-0.44414246,-0.04761325,-1.1355952,1.0,0.0,0.09083065,-0.19340086,-0.31275052,0.1809068,0.47942072,-0.3570623,1.5368794,1.2719563,0.15560366,0.29143515,-0.2683212,1.2763689,0.47706205,-0.6216014,-1.140001,0.17883049,-1.5642186,-0.038474467,-0.5563242,0.07644036,-0.9482212,-0.0036735465,1.3322275,-1.3667487,-1.416417,-1.0069028,-1.348571,1.3581107,-1.2353112,0.9302285,1.0303973,0.025386283,0.76600695,-0.88272625,-1.1699154,-0.32217577,-1.0763946,0.6481022,-0.07735522,0.6117402,0.29462916,0.19217604,-0.7744339
74,-0.03966692,0.16808769,0.0,0.0,0.3419504,0.4382362,-0.15793045,1.0,0.0,-1.2590176,-0.19340086,2.835978,1.3869522,-1.1737542,-0.3570623,1.4777333,-1.5365748,0.5247971,1.0618399,0.7665123,-1.2125386,1.203952,1.0196946,1.2007291,0.4505741,1.4088871,0.84416497,1.602758,0.21830815,1.0180026,-0.8716347,1.3309853,-0.254459,0.29791328,-1.4811726,-1.5434548,-0.10279471,0.2854746,1.2984637,1.113244,0.07086362,0.58927727,-1.3815653,0.22579621,0.10682231,0.7373832,0.059225354,-1.2706779,0.59542674,0.9840232,0.46557736,1.3937289
75,-0.03966692,0.25072262,0.0,0.0,1.1280432,0.72974586,0.2932994,0.0,1.0,-1.4259753,2.7463603,-0.31275052,-1.0251386,0.47942072,-0.3570623,0.7241057,-0.36056077,-0.04664691,-1.252314,0.14365199,-1.4409018,0.0041316412,1.2873372,0.34204352,-0.038735203,-0.80115557,-1.6219131,-0.9325295,0.9972707,-0.21860045,-1.3950104,0.062082045,0.7521062,-0.1602687,0.37727806,-1.5477986,-1.2146401,0.09015892,-0.40867734,-0.2543727,1.556957,-1.3562227,-1.5298159,-0.88168246,0.75491625,-0.9759053,-0.770627,0.1890173,-0.50131565,0.5828899,0.67972577,-0.42711836
76,-0.03966692,0.23652852,0.0,0.0,-2.4093745,-0.8249724,0.51891434,0.0,0.0,-0.4112695,-0.19340086,-0.31275052,-1.0251386,-1.1737542,3.0435312,-0.28486422,1.5706134,0.07651926,0.8966267,1.5679716,-1.1490278,-1.3034861,-1.2023404,-1.2010223,0.849597,-0.7966369,-1.6266531,-0.57264477,0.913583,-0.65889746,0.009925069,-0.939746,1.8353982,0.36644933,-0.453089,-1.1934435,-1.2218297,-1.004005,1.5870665,-1.425527,1.2130079,1.3135165,-0.72697395,-1.6458359,-0.9178043,-1.528467,0.45272583,0.2735661,-0.5933286,1.6821747,1.6064588,0.44160765
77,-0.03966692,0.06729909,1.0,1.0,-0.051096033,-0.04761325,-1.0603902,2.0,0.0,1.0019884,-0.19340086,-0.31275052,-1.0251386,0.47942072,-0.3570623,0.55633724,1.6339977,0.38824087,0.84810084,0.09855256,-0.18443593,1.0588572,0.49399722,-1.5657266,-1.3641042,-0.9053573,-1.182782,-0.9694498,-1.4922101,1.4899547,-0.3229112,-0.08651392,1.009543,-1.6502793,-1.1879512,0.76485306,-0.23975608,-1.3713274,1.0746716,-0.69827694,-1.3878406,-1.4249692,0.18459854,-1.2281895,-1.3568312,0.34541824,0.21163648,-0.9689022,-1.199666,-0.43693584,-1.6041762,-1.3318017
78,-0.03966692,-0.6390536,1.0,1.0,0.3419504,-0.04761325,-0.23313543,2.0,0.0,0.6303136,-0.19340086,-0.31275052,1.3869522,-2.826929,-0.3570623,0.28290254,-0.803799,-0.23789847,0.78473866,0.9160328,-1.4722402,0.7378704,1.5395118,-1.1646312,-1.3566859,1.3242953,0.33364424,-1.4354229,1.2309529,-0.8702261,1.0889554,1.676247,-1.6134177,1.3370208,1.2898581,-0.05077709,0.37430757,0.5675784,1.1400396,-1.1376023,0.57875067,-1.7188689,1.0371647,1.0078361,0.18784098,0.80334383,-1.5071584,0.59908617,-1.4470477,0.9175925,1.7465043,0.6470584
79,-0.03966692,0.55795884,0.0,1.0,1.1280432,-0.04761325,-0.7595703,2.0,0.0,-0.16558519,-0.19340086,-0.31275052,0.1809068,-2.826929,-0.3570623,-1.6611383,1.2977504,0.765678,-1.3914529,-1.1949582,-1.3396679,0.84581906,0.6322818,-1.2801656,0.545626,0.15182927,0.8594169,-0.9342282,-1.1218123,-1.3374025,0.5194561,1.1584775,-0.97376764,0.5010802,0.3901992,0.02339451,-0.92190945,-0.69906366,0.69952536,-1.5356251,0.36207083,-1.3499029,-1.4258188,-1.1207466,0.26136833,-0.06471671,-1.6987867,1.5572988,-1.5318029,-0.6133533,0.15605512,0.6345443
80,-0.03966692,-0.62827724,0.0,0.0,-0.44414246,-0.04761325,-1.4364151,2.0,0.0,1.0693054,-0.19340086,-0.31275052,0.1809068,0.47942072,-0.3570623,1.3676884,1.6056846,-1.1257035,1.0432919,-1.0067885,1.4752562,-1.5158117,0.2857488,1.4313934,-0.9581007,1.8704618,1.4675126,-0.24359645,-1.2053161,0.8915848,0.16293177,-1.4765794,1.0469996,1.7000453,0.6894296,-0.17227837,-0.5203569,0.57409024,1.870658,-0.22259635,-0.2772519,1.3438177,1.9719211,-0.24006353,-1.5344192,1.4808993,0.6366848,0.47211087,1.0164597,-0.86939275,1.3624467,0.24189349
81,-0.03966692,0.06277995,0.0,1.0,-0.051096033,-0.04761325,0.89493924,1.0,0.0,0.055073217,-0.19340086,-0.31275052,1.3869522,0.47942072,-0.3570623,0.37350267,-0.98433036,-0.89013696,-1.5548062,1.2097814,1.1384705,0.65980375,1.454368,-1.1813478,1.247676,-0.21159223,-0.30849823,-1.258891,-0.6886031,1.0804486,0.24347663,1.7307405,-0.74928004,-0.025111135,1.4073422,-1.4741851,1.4036033,0.2519562,-0.29614437,1.3294355,1.4480835,1.1213093,1.0716877,-0.07225669,0.12102471,1.3004283,1.2847654,-0.06714367,-0.063834414,1.3643817,0.35992432,1.637697
82,8.592258,8.855963,0.0,0.0,-1.6232817,-2.3796906,-1.8124399,2.0,0.0,0.054793358,-0.19340086,-0.31275052,0.1809068,0.47942072,-0.3570623,-1.4628235,0.96885926,0.81053615,-0.14037761,0.44731256,-0.6932476,-1.6457126,-1.0577655,-0.5865344,-1.0285596,-0.719136,0.39339104,-0.8494583,-0.8071383,1.6602972,-1.1337595,0.85661733,-1.3006507,-0.44289514,1.4091351,-0.87839156,0.63409674,-0.29973832,0.7164167,0.9000935,-1.3916595,-1.3963518,1.2564977,0.35479268,-0.67338693,-0.68046,1.3077949,0.37457207,-1.258883,-0.42233437,0.38195455,0.053814054
83,-0.03966692,-0.39949396,0.0,1.0,-0.44414246,-1.9910111,-1.737235,2.0,0.0,-0.22676678,-0.19340086,-0.31275052,0.1809068,0.47942072,-0.3570623,-1.2924716,-0.52472645,-1.1215943,1.414774,-0.35989684,1.1686039,0.688013,-0.86660415,1.0439528,0.08452019,-0.32584912,0.92076164,1.1557324,0.5134985,-0.33508575,0.376259,-0.7715752,1.1668721,0.84089345,-0.66514325,-1.8414315,0.33069903,0.84740776,-1.0826727,1.2374262,0.5880686,1.0963806,-0.91661125,1.4253687,-1.5280731,-1.2962412,-0.9794415,0.72423005,-0.0030928156,-0.8729158,-0.83342594,0.27106303
84,-0.03966692,0.022627987,1.0,1.0,-0.44414246,-0.04761325,-0.7595703,2.0,0.0,0.27625906,-0.19340086,-0.31275052,1.3869522,0.47942072,-0.3570623,-0.450672,-1.1549809,1.3002787,1.0229689,-0.35865423,1.5767363,0.5892912,-1.7197505,1.0644209,0.386385,0.6256794,-0.2321627,0.40249583,1.6353457,-1.1692781,-1.5983384,0.5117867,-1.5875756,0.04007529,-0.5108281,-1.2484498,-0.9593355,-1.4980935,0.50215316,-0.72994155,0.02007057,0.800678,-0.17146139,1.6560488,0.6987926,1.4301201,0.3149516,-0.67106104,-0.5870126,0.5961051,0.7400988,-0.033292636
85,-0.03966692,0.4618601,0.0,0.0,1.1280432,0.9240857,-0.53395534,0.0,0.0,-1.5958607,-0.19340086,-0.31275052,-1.0251386,0.47942072,-0.3570623,1.437605,-0.3596689,1.2007706,0.86107343,0.8611375,-1.3862802,1.555215,0.6674166,-0.39363936,1.4949288,0.35316625,1.3048562,1.7148572,-0.5674007,-0.705293,1.7662846,1.4802315,1.3019656,-0.9583757,0.71844244,1.1159892,1.5579743,-0.5268408,1.2816564,-1.4361959,-1.3177223,0.59379107,-0.8081708,0.296942,0.8693828,-0.9720708,0.8982801,-1.0679153,-1.1376343,1.3837223,-1.6369812,1.4130713
86,-0.03966692,-0.050018173,0.0,1.0,1.5210897,0.4382362,0.06768448,2.0,2.0,-0.7958179,-0.19340086,-0.31275052,1.3869522,-2.826929,-0.3570623,0.26961264,0.8855574,-0.82344663,-1.3429643,-1.1230602,0.28206277,-0.09415264,1.1791233,-0.27189633,-0.56304324,0.28111687,0.856845,0.017839814,0.46652547,1.5694242,-0.7340459,0.6215025,0.20654352,-0.12846273,0.7866148,-0.9576628,0.7001803,1.4914093,1.7125415,-0.8372851,-0.25828815,1.3932658,1.1574408,-1.0874392,0.6314617,0.52942467,-0.288602,-0.16378492,1.3963681,0.2273727,-0.7284694,-0.18841285
87,-0.03966692,-0.4212856,0.0,0.0,-0.44414246,-0.04761325,-0.90998024,0.0,0.0,-0.106362626,-0.19340086,-0.31275052,-1.0251386,0.47942072,-0.3570623,-0.3914479,1.4465567,-1.4507433,0.9397883,0.7078101,1.7655317,-0.9479375,1.3759401,0.29174876,-1.4219761,0.458014,0.6609089,0.021838719,1.5783186,-0.4077964,-0.8855458,0.33112726,-0.59801537,-0.35519662,-0.99038714,1.0886766,-0.5955481,-0.79533887,-1.5097603,1.0202615,0.9108596,0.6793294,1.4916466,-1.573206,-1.4702673,-1.5085111,0.024091559,1.7776809,-0.03191771,1.7100859,-1.2200987,1.0274551
88,-0.03966692,-1.2917805,0.0,1.0,-0.44414246,-0.04761325,-0.3083404,2.0,0.0,1.7063624,-0.19340086,-0.31275052,1.3869522,0.47942072,-0.3570623,-0.71022344,-0.8706066,0.9594897,-0.019967346,-0.943133,-0.47022828,0.9021617,0.8835101,1.0367477,-1.5593177,1.6058363,0.8414819,-0.87881786,-1.1810313,0.56995326,-1.3424902,1.7370454,-0.45430318,0.030523077,0.48392656,-1.5703427,0.6584583,1.5203356,0.60835755,1.4373485,1.0553632,1.3035903,-0.9954565,-1.2814394,0.28137374,-0.8545571,1.5111284,0.8197716,-0.9046767,0.967059,1.5199169,1.3700747
89,-0.03966692,-0.45700714,0.0,1.0,-0.44414246,-2.7683702,-0.53395534,2.0,1.0,-1.4499032,-0.19340086,3.6739314,-1.0251386,0.47942072,-0.3570623,1.6415583,-1.1050689,0.81820524,-0.8405184,0.68312144,1.2384298,-1.4756929,-0.7525241,-0.61077183,0.3973022,0.075999916,1.459812,-0.38285947,-0.42234552,0.9112869,-1.5503069,-1.1419054,-0.35101104,-0.7557201,-0.52335984,-0.29502952,-0.09733702,-1.9604125,0.37282744,0.61203223,-1.601289,-0.11048572,-0.35377988,-0.2268797,-0.43151304,-0.056888297,0.96788913,-0.0770525,0.709772,-1.296307,-0.4075577,-0.27186078
90,-0.03966692,-0.29349554,0.0,1.0,1.1280432,1.8957846,0.89493924,2.0,2.0,0.14900912,-0.19340086,-0.31275052,-1.0251386,-2.826929,-0.3570623,-1.6248555,0.44470698,-1.3028874,1.6204569,-0.23417196,1.9266754,-1.1712024,0.80932885,1.2541273,0.6133623,-0.7648515,-1.3556962,0.52003646,1.1834297,-0.9914224,-0.1182158,1.0116876,-0.27002096,-0.712946,-1.2086464,-0.38185537,-1.3157421,1.2280769,-1.008582,1.118952,1.6468575,1.1567683,-0.9747474,-0.876405,-0.5594495,-0.78276163,-1.803705,0.12256158,0.66707027,-0.28268448,-1.2538961,1.2963017
91,-0.03966692,-0.2614335,0.0,0.0,-2.4093745,-1.6023315,-1.2860051,1.0,0.0,0.30863664,-0.19340086,-0.31275052,0.1809068,0.47942072,3.0435312,0.44350943,-1.4321146,0.7034066,-1.1458734,0.11195731,0.9280503,-0.6622612,-1.6182828,0.82253087,-0.8619939,-0.43289375,-0.89865726,1.5903654,-0.49059805,0.5841038,1.6717889,0.8423199,-1.6141036,-0.2847224,0.9487238,-0.43385768,0.0190127,1.0627854,0.28471336,-1.0730065,-1.3404257,0.5249916,0.5147887,-0.30293962,0.46014166,-0.650794,-1.6543311,-1.4922312,-0.8110918,-1.0632203,-0.757482,0.5606469
92,-0.03966692,-0.4519208,0.0,1.0,1.1280432,0.9240857,0.06768448,1.0,0.0,-0.1252639,-0.19340086,-0.31275052,1.3869522,0.47942072,-0.3570623,-0.60979146,-1.4380208,0.80088145,0.73718816,-1.2205863,0.20924464,-0.5363115,1.0196916,-1.466374,0.8550552,-0.5990289,-0.11390948,1.3659539,-1.064791,1.110861,-0.98488367,1.1801014,-1.5313896,0.67409915,0.80933523,1.2409761,1.665899,-1.001532,-0.18929692,-0.09064644,-0.38826805,0.03333816,-0.6268576,-1.6873927,-1.3460217,0.14940074,-0.45286033,-0.7403086,-0.0649856,-1.6011517,0.60089386,1.615365
93,-0.03966692,0.12235604,0.0,0.0,1.1280432,1.1184255,-0.90998024,1.0,0.0,0.1437456,-0.19340086,-0.31275052,1.3869522,-2.826929,-0.3570623,1.6506159,1.5042396,0.63379204,-0.6691875,1.4102455,1.2068961,1.1432517,-0.24870533,-1.4939332,0.41949922,-0.80147123,-1.6694734,-0.8899057,-0.33649364,-1.163117,0.5642157,-0.93353105,-1.2297539,0.09620306,-1.4527714,0.4288335,-0.39130297,1.4778134,-1.4310818,-0.8435683,0.07039304,-0.81791747,-0.8807699,0.54509044,1.2904099,0.38299936,1.0837896,1.644867,0.9116098,0.6967921,-1.0321046,-1.8138207
94,-0.03966692,-0.2864656,0.0,0.0,-0.051096033,-0.04761325,-0.45875037,0.0,0.0,-1.798156,-0.19340086,-0.31275052,-1.0251386,0.47942072,-0.3570623,-0.8424964,1.1111124,0.111808956,0.5109118,0.7358793,-0.25450754,0.8525582,-1.0048004,0.86082596,-0.6285172,-0.3264253,0.8501866,-0.62770253,-1.7691536,1.1063766,0.94789976,1.6055025,-0.33727184,-1.5257055,-0.01905487,0.2743496,-1.3060706,1.0322734,0.94818586,1.2319937,0.7691538,0.8395222,-1.3253452,0.81281424,-0.15300888,0.83207184,-0.9826456,-1.4001532,-0.8275024,0.24480216,0.58693945,0.45891917
95,-0.03966692,-0.086670205,0.0,1.0,-0.44414246,-1.0193121,2.0230138,1.0,0.0,-0.26923007,-0.19340086,3.7233303,1.3869522,0.47942072,-0.3570623,-1.1821702,0.6641987,-0.0011483517,0.14548309,-1.5824912,-1.0032365,-0.99752563,0.7981845,0.6035263,-0.011884644,1.2975931,0.9554171,-0.94201463,-0.9995835,1.5740578,-1.4025179,1.235154,0.9501038,-0.10579951,0.74309427,-1.1130646,-0.6560282,-1.0453459,-0.32413828,-0.5895304,-1.1423628,0.74273074,-0.54663277,-0.6225973,-0.58720696,-1.164466,1.0705055,1.7490473,0.007299714,1.5209146,-1.5634177,-0.7147397
96,-0.03966692,0.2519487,0.0,0.0,-0.051096033,-0.5334627,1.0453492,0.0,0.0,-1.7645621,-0.19340086,3.3043537,-1.0251386,0.47942072,-0.3570623,-1.0159937,0.74059784,1.6094751,-1.8437651,-1.3123614,0.536066,0.55046046,-1.1455761,-1.5333319,0.39522532,1.1463573,-1.7077619,0.5507139,-1.3217285,0.04228207,0.5706092,-0.33529964,1.6805016,-0.31751615,1.5572982,0.8556207,1.6937419,-0.1734545,0.37576687,1.2287159,0.019238029,-0.68756,-0.8410679,-0.4089207,-1.4977156,-0.2962846,0.58154947,0.22830907,0.2614948,0.24148503,0.96645683,1.6908811
97,-0.03966692,-0.40701973,0.0,0.0,-0.44414246,-0.04761325,0.6693243,0.0,0.0,0.39908507,-0.19340086,-0.31275052,-1.0251386,-1.1737542,-0.3570623,1.2196223,-0.4157152,-0.4342055,-0.3853756,0.926678,-1.3119364,1.4051831,1.6535932,-0.23560154,1.0942115,1.3901922,0.24161157,0.5003524,0.5348258,1.5256584,-0.6569579,0.7359865,-0.9631711,-0.44297394,-0.5363923,-0.5409335,-0.29669905,1.2599993,0.03541235,0.75430554,-1.2592052,0.86259526,1.0752866,1.053785,1.4116592,-0.8455936,-0.9253634,-1.0820777,-1.4607662,-0.91597426,0.8511129,-0.8841514
98,-0.03966692,-0.16858527,0.0,0.0,-0.051096033,-0.04761325,-0.53395534,1.0,0.0,0.001394023,-0.19340086,-0.31275052,0.1809068,-1.1737542,-0.3570623,-0.8675423,-0.6645403,0.031368285,1.282677,1.2632053,1.2775519,-0.8682972,-1.8024359,-1.2397177,1.2921212,-0.45263585,-0.8135924,-1.0569167,-0.66768414,-1.3831675,-0.040869467,0.5181014,-0.8881979,0.47124308,0.82782465,1.1700177,-1.0094312,0.6592277,0.036554538,1.4305537,0.7557983,0.14590229,0.6440707,-1.3494344,0.17783989,1.5620536,-0.91820043,-1.0629582,1.4723043,1.7206874,0.8367377,-1.1072835
99,-0.03966692,0.8871133,0.0,0.0,1.1280432,0.4382362,0.89493924,0.0,2.0,-0.77059823,-0.19340086,-0.31275052,-1.0251386,0.47942072,-0.3570623,-0.28510967,-0.05744224,0.95888716,0.30134305,1.304964,0.76920813,-1.3449609,-0.24716407,1.6251562,1.7249023,-0.0009750773,-0.33047184,-1.4016831,-1.3597723,-0.8826083,-0.5013248,-0.01742859,-0.12132783,-1.0727259,0.65676826,0.8146996,0.81502336,-0.6501397,-1.491502,0.30662203,-1.5216916,-1.434307,1.2417111,-0.077810176,-0.90132,0.9053052,0.57052535,-0.9599606,-0.50185484,-0.97884756,-0.9607679,0.64904994
100,-0.03966692,0.33578008,0.0,1.0,-0.44414246,-1.7966713,-1.2108002,2.0,0.0,-0.9310654,-0.19340086,-0.31275052,0.1809068,0.47942072,-0.3570623,0.3431385,-1.3387996,1.1923136,-0.41852117,1.4326148,0.15160824,-0.9551005,0.9801425,0.8474234,0.57073,-1.4512794,-0.670091,1.0892245,-0.32135034,-1.8178617,-0.06320388,-0.11607195,-1.1781138,-1.6618698,1.4793895,1.3565619,-1.2754531,0.34479818,-0.6957504,-0.9115524,-0.5782656,0.2709575,1.5492781,-1.2195967,0.57278687,0.48213062,1.4256588,1.5484933,0.19102906,-0.023146704,1.399173,0.27820975
101,-0.03966692,-0.59515405,0.0,0.0,-0.44414246,-0.04761325,-0.90998024,2.0,0.0,0.60031474,-0.19340086,-0.31275052,0.1809068,0.47942072,1.3432344,0.8781477,1.5176091,-0.13641673,-1.0260901,-1.7650672,1.2080554,0.11645479,-1.0505557,1.3837285,1.5407223,0.06941309,-0.57384324,-0.48441383,1.2694366,-1.0421498,-0.6957776,1.3543478,-0.21794538,-0.12554784,-1.2920138,-0.8058511,1.364958,0.16466203,0.9717817,-0.61220145,-1.6833047,1.3768635,-0.56772655,-1.4412874,-0.7138904,0.02386066,-0.12136046,0.59165144,-0.71930665,1.0516418,1.6294363,1.1172537
102,-0.03966692,-0.073910296,0.0,0.0,-0.44414246,0.9240857,0.5941193,1.0,2.0,-1.5272413,-0.19340086,-0.31275052,0.1809068,-1.1737542,-0.3570623,-0.40074077,-0.5155769,-0.28190747,-0.42217252,-0.9086537,1.8831307,0.049750973,-0.4027173,0.1318702,-1.4765357,-0.45555052,0.83341223,1.4408975,-0.20116965,-1.4264784,1.5135849,0.653137,1.6449952,-0.70720017,-0.527387,1.3231876,-1.3471154,1.1460701,-1.6352034,-0.7556697,1.2997268,0.6528029,1.2821579,1.367221,0.7786427,-1.0817367,1.5042136,1.3735151,0.15348852,-0.07245374,-0.42960858,0.92352164
103,-0.03966692,0.2027417,0.0,0.0,1.1280432,-0.04761325,-0.15793045,0.0,0.0,-1.815841,-0.19340086,-0.31275052,-1.0251386,0.47942072,-0.3570623,0.13743554,-1.4937048,1.0146165,-0.4212022,-0.87045264,1.3360424,0.30455068,-0.67082065,-0.07902812,1.421042,0.6951759,-1.741252,0.93411976,0.9975322,1.1387155,-1.0621529,0.7981937,1.2390139,0.8875221,-1.2778132,-0.12445771,1.6774104,0.3909418,1.2399443,-1.077668,0.89899063,1.3328767,1.1753064,-0.52093613,-1.4465941,0.841669,-0.15819174,1.5953443,0.18401042,0.41564044,-0.6270778,-1.3932121
104,-0.03966692,0.49002606,0.0,0.0,-0.44414246,-0.04761325,1.722194,0.0,0.0,-0.7047882,-0.19340086,-0.31275052,-1.0251386,-1.1737542,-0.3570623,0.18228793,-0.48970085,1.6743971,1.5768037,-1.081572,1.7003778,0.55626416,1.4684256,0.46524265,-0.39645633,-0.3497695,0.8814436,-0.9148902,-1.2497199,0.47340426,1.4447602,-1.4873418,1.333456,-1.5109946,-0.5177282,-0.50433373,-0.88656294,0.12552123,-0.49760512,-1.0396129,-1.4637346,-1.1445476,-0.3492645,-0.17755151,-0.4275408,-0.9077123,-1.2008247,1.0582371,0.8919653,-0.5669285,-0.7126775,-0.43153152
105,-0.03966692,0.024312729,0.0,1.0,-0.44414246,-1.0193121,0.9701442,1.0,2.0,-0.2971299,-0.19340086,-0.31275052,0.1809068,0.47942072,-0.3570623,0.12484904,1.2611078,-0.61311114,-1.8449672,-0.052914653,-0.96033585,0.8244057,-1.3492024,1.5243043,0.23906521,-1.3385249,1.2826241,-0.641884,0.5776936,0.5161062,0.09786139,-0.46399388,1.301454,0.86831,-0.92641795,-1.2742932,-0.6746529,-2.0205004,-1.3125992,0.448316,0.20495245,-0.78534347,-0.81033885,0.4932843,-0.77033955,0.7303035,-1.7975894,1.6626945,-1.1184912,0.3319825,1.7061614,0.7405769
106,-0.03966692,-0.26751631,1.0,0.0,-0.051096033,-0.04761325,-1.737235,1.0,0.0,-1.7999429,-0.19340086,-0.31275052,0.1809068,0.47942072,-0.3570623,-1.4930338,-0.10496126,0.6749813,-1.6865637,-1.4584296,1.8939041,-1.5443256,-1.3518807,-1.0009449,0.599185,1.6691015,-1.282183,-0.4782783,0.61865324,-0.30717736,-0.75812894,-0.30126518,0.77374375,-1.2957691,-1.1727628,-0.5185783,-0.80444723,1.3536184,0.9202412,1.3046788,0.39878732,-0.104904145,0.92736495,-0.8754409,1.7734988,-0.16494475,1.7038609,1.2890741,0.29892528,-1.1468799,-1.3337873,1.383429
107,-0.03966692,-0.35337907,0.0,0.0,1.5210897,1.4099351,0.06768448,0.0,0.0,-0.04569771,-0.19340086,4.1057153,-1.0251386,0.47942072,-0.3570623,-1.3117406,-1.1678174,0.4870598,1.4154694,-1.2702763,-0.91449964,-1.4014574,1.2301701,1.3863577,0.7848,0.55660796,0.5563139,0.086714745,-0.7686713,0.3647131,-1.0124894,-0.5349673,1.7426612,1.2549725,-0.9180666,-0.78491384,1.5469911,0.20740484,0.3444938,-0.5944043,-1.4965885,1.1267195,-1.3808016,1.5276029,1.4054071,-0.27666882,-0.50840336,0.04553971,1.426336,-0.77185017,-0.60673654,1.5930697
108,-0.03966692,0.23734388,0.0,1.0,-1.2302353,-0.04761325,-0.08272547,2.0,0.0,0.20808099,-0.19340086,-0.31275052,1.3869522,0.47942072,-0.3570623,-0.68462765,-0.70019495,-0.67280376,-0.860562,1.5238959,0.047602747,0.52248496,1.2843815,1.4765178,-0.49916625,-1.2598292,-0.25279006,-0.16182284,1.3530502,1.4472543,1.1262274,1.2361912,-0.0872229,1.3057488,1.3143137,0.1958296,0.43945312,-0.030491022,1.7169135,-1.8095007,1.375297,1.2807815,1.3005818,-0.09969583,-0.08895982,0.32815015,-0.20634717,-1.3726617,-0.6722597,1.1956673,0.5627852,1.3661425
109,-0.03966692,0.09477148,1.0,0.0,-1.2302353,-1.9910111,-1.8124399,2.0,0.0,-1.7625386,-0.19340086,-0.31275052,0.1809068,0.47942072,-0.3570623,0.83101904,-1.3617775,1.4186693,-1.5216485,0.81978995,-0.2399071,-0.1280411,-1.842443,0.21267638,-1.1503808,-1.1977186,1.1746742,0.3472618,-0.58309674,-0.6617586,-0.6782917,0.21474756,-1.247016,1.3271518,-0.45064875,1.6004351,-1.2615674,0.3201664,-0.95685214,0.33691472,-0.41719803,1.2866553,0.26056412,-1.6102206,1.7573864,0.53657883,-0.7361245,0.72660166,1.6319541,-0.6263259,-0.9783132,-0.29710814
110,-0.03966692,-0.26153252,0.0,0.0,-0.44414246,-0.04761325,0.44370937,1.0,0.0,-0.2583586,2.4465933,-0.31275052,1.3869522,0.47942072,-0.3570623,0.77602184,1.1106795,-0.3168093,-1.3917571,-0.25025424,-0.9944253,-0.82105476,0.8831654,-0.67857736,-0.035322487,-0.33690342,0.29566795,-1.6216985,-0.2619146,-0.70059955,1.3108218,-0.9647535,-0.29672968,-1.706878,-0.2670771,-0.5866969,0.2549672,0.3420767,0.8145741,-0.40539843,0.499618,-0.029750656,-1.294386,-0.7516896,0.6665413,-0.62882745,0.57900554,0.0038298927,1.5775521,-1.2224818,1.1323067,-0.74561614
111,-0.03966692,-0.1208605,0.0,1.0,2.3071826,-0.04761325,-0.53395534,1.0,0.0,-1.1154174,-0.19340086,-0.31275052,0.1809068,0.47942072,-0.3570623,0.20988078,-0.65368974,1.1276071,-1.567765,-0.56804407,0.9684068,1.2692947,-1.2934047,-0.44897556,-0.09827241,0.92951834,-1.0700303,1.3222731,0.60714585,0.47965738,0.67021006,0.34868678,-1.5144686,-1.3607756,0.045031272,0.115070716,-0.9809258,-0.7430722,0.81871206,1.4459953,0.47111127,-0.479813,1.1257575,0.10880186,1.1164346,-0.71522254,-0.32527167,1.2118746,-1.7309501,0.9905487,0.13378155,1.7238152
112,-0.03966692,-0.21839602,1.0,1.0,1.1280432,-0.5334627,0.7445293,1.0,0.0,0.015354704,-0.19340086,-0.31275052,0.1809068,-2.826929,3.0435312,1.1592929,-1.0591607,-0.62671256,1.6713846,1.1595184,1.4621236,0.19809808,-0.6974751,-1.0890393,0.16328938,-0.4940052,0.03753072,0.68386936,-0.7361536,-1.2632899,1.0110911,-0.2782363,1.0891327,0.6346906,-1.4945718,0.84707993,1.1337429,-0.7590553,-1.2020165,1.4000084,1.1446842,0.8318692,0.7576577,1.6192555,-0.71019006,1.2306598,0.39366406,-0.73706764,0.73999405,-1.4828439,1.1515802,0.56100446
113,-0.03966692,0.27152488,0.0,1.0,1.1280432,1.8957846,-1.4364151,1.0,0.0,4.566074,-0.19340086,-0.31275052,0.1809068,0.47942072,-0.3570623,-0.064686105,-1.303214,-1.5117368,1.3472189,-0.53458995,0.31015155,-0.067605235,0.86890846,-0.8609892,-0.84842765,0.44141802,1.0441087,-0.15140876,0.97835475,-0.7954289,1.2276672,-1.5242028,1.221068,-0.1751287,0.13493119,0.28145933,1.4742948,0.8042435,-1.6335927,1.2654978,-1.084831,-1.7091343,-1.156429,0.7712795,0.08559989,-1.3297403,1.4672337,0.8419097,-0.56437284,0.20327517,-0.5163798,-0.16644002
114,-0.03966692,-0.3359587,0.0,0.0,-1.2302353,1.8957846,0.7445293,0.0,2.0,-0.8700883,-0.19340086,-0.31275052,-1.0251386,-1.1737542,-0.3570623,1.3111221,0.50424,-1.1813469,0.7117693,1.1352435,0.82411194,-1.0996597,1.2675731,-0.93819195,1.1133608,1.2471613,-0.47027978,1.7580988,-0.13840084,1.2134529,-1.2635459,1.1055393,-1.5683805,1.74001,0.44982627,-0.8587917,1.3776357,-1.3310511,-1.212739,1.5938649,0.32751817,0.43120757,-1.5482682,1.6684734,1.7002249,-1.6151648,1.7314366,0.56724584,-0.45882088,0.21152589,-1.2799358,-0.5848261
115,-0.03966692,0.16921543,0.0,1.0,1.5210897,-0.04761325,0.44370937,2.0,1.0,-1.3887324,8.336335,-0.31275052,-1.0251386,0.47942072,-0.3570623,-1.1199533,1.5478888,-0.14803492,1.3261057,0.2646785,1.1371497,-0.2055804,0.04003848,-0.8178203,-1.3282427,1.0183766,-1.5840162,-0.077334106,-1.3207778,1.0326428,0.6978862,1.3402961,0.46333554,1.7774757,1.1898109,-1.1245993,-0.58111167,1.209653,-0.5175421,-1.097944,-0.64164984,0.23310862,1.8064632,1.2908134,-1.1830319,1.0675977,-0.8990443,0.53181225,-1.2352127,0.5998205,0.8471207,0.22574747
116,-0.03966692,0.32600328,0.0,0.0,1.5210897,-2.96271,2.3990388,0.0,2.0,-0.09966753,-0.19340086,-0.31275052,-1.0251386,-2.826929,3.0435312,0.7228805,-0.062680155,-1.1288555,1.6199136,1.3666325,0.3115189,0.12558459,0.26920184,-0.37308878,0.13336284,-1.5112522,1.3458468,0.64991784,-1.4142665,-1.2874242,1.3879462,1.586718,1.2898645,-0.9377489,-0.51292384,-1.7077174,-1.579109,-1.2173562,0.49944177,-1.6925639,-1.2350886,0.42537916,-0.8122675,-0.19776285,0.5643543,1.4730777,0.2684815,-0.92794573,-0.84835166,-1.0702522,0.47805327,0.6185729
117,-0.03966692,0.16914451,1.0,1.0,-0.44414246,-1.9910111,-1.3612101,2.0,0.0,-0.084329076,-0.19340086,2.6036198,0.1809068,-1.1737542,-0.3570623,-0.27795127,0.22476384,-0.07794925,-0.5655827,0.7627096,-1.4518417,-1.5404974,0.12234175,1.222839,-0.64963317,-1.0440326,0.58702075,-0.3675015,-1.5094948,-1.330819,-0.5385408,-0.6406928,-1.2638677,-0.7391929,0.15378608,0.48002726,-0.9554674,-1.118424,-1.399226,1.7920415,0.9206811,-1.5037203,-0.9421564,-1.458363,-0.48992735,-0.19561785,1.6773119,1.7437733,-1.5408802,0.07186585,1.178806,-1.7796793
118,-0.03966692,-0.3979169,1.0,0.0,-0.051096033,-0.04761325,0.21809444,0.0,0.0,-0.18122503,-0.19340086,-0.31275052,-1.0251386,-1.1737542,-0.3570623,1.1559498,-0.36348963,0.8397648,0.8956103,-0.36178944,-1.1646312,-0.830885,-1.3692966,-1.3211874,-0.5028965,-0.69943327,0.70259446,0.3091661,0.9998393,1.6850177,1.4615874,1.4798412,-0.74039966,-1.0930125,-0.961757,-0.5704907,1.2756795,-0.19961514,0.16148193,0.49027732,-0.6192865,-1.1411347,-0.7192045,-0.33130655,-1.2076939,0.7011423,-1.1468196,1.1737279,1.5985546,-0.1696251,-1.4477618,0.8705363
119,-0.03966692,0.537917,1.0,1.0,-0.051096033,-1.9910111,-1.2860051,2.0,0.0,0.8959432,-0.19340086,-0.31275052,0.1809068,0.47942072,-0.3570623,-1.5947627,-1.230762,-1.3661801,-1.7129906,-1.3486716,0.52320755,1.4861236,-1.1060561,-0.45444754,-0.3033599,-0.2268551,-1.2346169,0.9213518,-0.0012376419,-1.7919189,1.4411103,0.24858749,1.0292974,1.7748556,-1.067638,1.0157093,0.2506471,-1.3503666,-0.904457,-1.499305,0.1746498,-1.3562691,-0.3537443,1.4323968,-0.17227416,1.4793658,1.1557267,-0.31643426,0.7528127,-1.3581501,1.7447779,1.3613557
120,-0.03966692,-0.33091372,0.0,1.0,1.1280432,-0.04761325,0.3685044,2.0,2.0,-1.1209823,-0.19340086,-0.31275052,0.1809068,0.47942072,-0.3570623,0.34301576,-0.67883563,-0.46204802,-1.7319523,0.5480372,-1.3206291,-0.96162325,-0.6818801,1.6671139,1.5287793,1.7482526,0.47273728,1.1150597,-1.1014878,-0.8559736,0.96923006,0.919537,-1.5283517,1.2878984,1.5341376,-1.5817945,-1.1889781,-0.61297804,-0.38489205,0.14136921,-0.33159423,-1.0640644,-1.0178365,-1.689869,1.0553558,0.77307844,0.28921947,0.9901365,0.20644633,0.13498853,0.059750147,-0.6297803
121,-0.03966692,0.1434583,1.0,0.0,-0.051096033,-1.9910111,-1.51162,2.0,2.0,-0.19199961,-0.19340086,-0.31275052,0.1809068,0.47942072,-0.3570623,-1.2083044,0.8261307,-0.90370697,0.72817653,-1.0555139,0.4537041,-0.50143224,1.4700543,1.1298345,0.95764226,0.42004022,0.09976893,1.5748633,-0.7057193,0.0029399197,0.6201223,-1.7236396,0.07378496,0.9460819,0.5575957,-0.25745335,1.6823922,-1.8014965,0.14279965,-1.4471662,-0.10844801,-0.13297915,-0.6824816,1.1444262,-0.9807593,0.8850667,-0.94630796,-1.4147594,0.8298883,0.3975024,-0.5035102,1.5312469
122,-0.03966692,-0.36317363,0.0,0.0,-0.051096033,-2.4768605,-1.66203,2.0,0.0,-0.96457314,-0.19340086,-0.31275052,0.1809068,0.47942072,-0.3570623,-0.19557185,-1.4887927,1.750017,0.7341371,-0.0996523,-0.90528727,-0.80506843,0.22658281,0.44194764,-0.28026244,0.9398097,-0.20618832,1.187136,0.80069387,-1.2847606,1.6343659,1.3724691,1.7245295,1.0024664,0.37479797,-0.1819762,1.1277304,1.1964393,-1.6128542,-0.2850105,-0.40373164,-1.3086103,-0.018868098,0.9189874,1.3313321,1.1215749,0.98724926,1.7222662,0.4699529,-1.110454,0.17511624,-1.2812464
123,-0.03966692,-0.78864515,1.0,1.0,-0.44414246,-0.04761325,-0.53395534,2.0,0.0,-0.12683542,-0.19340086,-0.31275052,-1.0251386,0.47942072,-0.3570623,-1.2652293,1.4312875,1.1748487,-0.8856627,1.03406,0.73897815,-0.29862022,1.6092334,1.157791,1.0222988,0.7920547,-0.38171095,0.9195398,0.07025264,1.3284934,0.22790895,-1.299211,1.6603891,0.5630247,-0.9570663,-1.2858791,0.5464942,-1.1492168,0.119269125,-0.65264344,-1.0556788,-1.1031846,1.8986181,-1.2506026,-1.5886462,0.44184598,-0.22070959,-0.035263017,1.1560413,1.530127,-0.18401685,-0.54079354
124,-0.03966692,0.057277657,0.0,0.0,-2.4093745,-0.04761325,1.4213741,0.0,0.0,-0.80654943,-0.19340086,-0.31275052,-1.0251386,-1.1737542,-0.3570623,-1.1501536,-1.0050651,1.1661695,-1.5588483,-0.9557657,-0.11537098,-1.0723845,-0.94370586,0.40214714,0.70830745,-0.21244867,-1.4708825,0.14648202,1.1131375,1.4268062,-1.4494079,0.1962996,1.4324554,1.5430261,2.0663457,1.4582622,0.5282174,-1.2762387,-0.8007048,1.2301581,-0.50493234,-1.1267235,0.43371758,0.55740637,1.2013206,-1.3624419,-1.667461,0.49425307,1.3354065,-0.5225764,0.048685715,-0.7995812
125,-0.03966692,0.0835954,0.0,0.0,1.1280432,0.72974586,0.8197343,0.0,0.0,1.0461524,56.580097,-0.31275052,-1.0251386,0.47942072,-0.3570623,0.07571629,0.7725828,0.011044643,1.4225094,0.6323319,0.79442084,-1.4139053,-0.33631843,-0.9424806,-1.3593023,1.0822163,1.3806821,0.9925827,-0.36161825,-0.22785294,0.4699584,-1.8233877,-1.7109152,1.8345073,-0.7996681,-0.86389637,0.7554731,-1.5500178,0.37503675,-0.6657776,0.14903913,-0.2376095,0.6886688,1.0682596,0.12348823,-1.3083911,-1.6294626,0.28952494,1.0187244,-0.55082965,0.79902786,-0.00544686
126,-0.03966692,-0.07292262,0.0,1.0,-0.44414246,-0.8249724,0.7445293,2.0,0.0,0.008648841,-0.19340086,-0.31275052,1.3869522,0.47942072,-0.3570623,-0.14464709,1.2185997,0.38821068,1.5062683,1.379076,-0.90091324,0.34567615,-1.1139514,0.77682316,-0.4587726,-0.1861145,-0.062647365,-1.2843318,-0.037909403,-0.19503002,0.95404387,1.4498353,0.71128666,0.20871381,-1.1506168,-0.588238,0.9267672,-1.676122,1.6297914,-0.8099651,1.3231581,0.008831599,0.35741454,-1.681319,-0.33068258,-0.4514877,1.5878856,-1.3913131,-0.47230458,0.29756084,0.20232096,-0.8623671
127,-0.03966692,0.07888596,1.0,1.0,-0.44414246,-0.04761325,-0.007520498,2.0,0.0,0.6737886,-0.19340086,-0.31275052,0.1809068,0.47942072,-0.3570623,0.22107421,0.31449208,-0.7666935,-0.8279719,-1.149211,-1.4703553,0.15032259,-0.68190414,0.51603246,-1.1552969,0.16275728,-0.8447671,0.054512314,0.9854733,-0.71463335,0.42329934,-1.5471153,0.29971114,-1.568388,1.6063251,-1.1412756,0.80199945,1.5202442,-1.2544883,1.2979766,-0.3369366,-1.2257092,-0.85165954,0.88166934,1.0212386,0.7599769,-0.6268353,0.16411403,-0.38999987,0.5475462,-0.5690273,-1.7670012
128,-0.03966692,-0.31811586,1.0,0.0,-0.44414246,-0.24195303,-0.6843653,2.0,0.0,0.76275164,-0.19340086,-0.31275052,0.1809068,0.47942072,-0.3570623,1.439098,1.5940983,1.7068425,-0.30480304,-1.3005079,1.8256085,0.0008440804,0.81463206,0.7015391,-1.5834131,0.86726063,-1.2031497,-0.36151445,0.4966606,-0.18518773,1.6288843,-1.5542417,0.9730139,1.4596863,1.1775985,-0.18148135,0.11900745,-0.12979047,1.0680757,-0.7116165,-0.49414492,-0.49282348,0.54749846,1.303644,1.4518746,-1.3500012,-1.5430093,-0.14714636,0.32529256,-1.0954131,0.587442,-0.44555706
129,-0.03966692,-0.35635856,0.0,0.0,-0.44414246,-0.04761325,0.9701442,0.0,0.0,6.733725,-0.19340086,3.4397435,-1.0251386,-1.1737542,-0.3570623,-0.9040496,0.08429599,0.74235946,1.1877567,0.24457803,-0.3942551,0.7199628,-1.7577872,1.3654366,0.36197656,1.7634153,-1.8585998,0.6633924,-0.6442654,-0.19089943,0.7725972,0.87327844,0.101491466,0.06701138,-0.81366014,1.6535522,-0.23761266,-1.4334588,-1.5853647,-1.2415457,-1.3988624,0.38361847,1.1811786,0.0034125266,-0.41979367,-0.20996937,1.3040031,1.7483063,-1.2510731,1.630943,-1.002206,-0.7387114
130,-0.03966692,-0.11185033,0.0,0.0,-0.051096033,0.9240857,-0.6843653,0.0,1.0,1.5772718,-0.19340086,-0.31275052,-1.0251386,0.47942072,-0.3570623,-1.1679249,-0.7641983,0.56235474,-0.17033727,0.4250836,0.1903628,-1.4623057,-0.4608265,1.5873231,1.6959205,0.14121453,-0.7361542,1.5111138,1.1217285,0.2244187,0.11011355,-0.31237322,-0.534686,-0.88037556,-1.134664,-1.4652643,-0.26483366,0.98693657,-1.4422463,-1.3236082,-0.29043114,0.011970387,-1.0802389,-0.6412426,0.90658325,-1.5444645,1.4922587,-1.5086224,1.3729191,1.1812054,1.5373421,-0.22708362
131,-5.54081,-4.720904,0.0,1.0,-0.051096033,-2.96271,-1.737235,2.0,0.0,-0.21606754,-0.19340086,-0.31275052,0.1809068,0.47942072,-0.3570623,-0.5692184,-1.3631576,-0.74358356,1.5934991,0.9717201,-0.47920144,0.559873,-1.3727889,-0.56844586,1.2371184,1.8407812,-0.055780627,0.92277896,-1.3279185,-0.6501926,-1.3034503,-1.5139658,-0.7349852,0.48701513,1.0887916,0.74108243,0.20749268,1.5049254,1.7769824,-0.16993709,1.2326998,-0.5354211,-1.5379575,-0.6649722,0.409324,-0.47169653,1.230642,-0.10063081,-1.459882,0.7371859,-1.4051757,-0.47249648
132,-0.03966692,0.3102412,0.0,1.0,-0.44414246,-0.04761325,1.8726039,2.0,2.0,0.31625742,-0.19340086,-0.31275052,-1.0251386,0.47942072,-0.3570623,-1.4697506,1.3312241,-0.6075196,0.24126936,0.25555807,-0.5233448,-1.1925379,0.2514029,-0.83315676,0.378915,-0.961679,-0.17574358,-0.33181524,1.4249773,-0.63210785,0.096328855,-0.56440127,-0.33226502,-0.2853129,-1.3941251,-0.30073783,-0.6396925,1.056238,-1.1309273,0.49479067,-1.6538609,-0.5629528,0.5158048,-0.5964193,0.43035865,-1.2941338,-0.3053766,-1.4462329,0.5802696,-0.40674976,0.3826192,0.5310471
133,-0.03966692,-0.26296845,0.0,0.0,1.1280432,1.8957846,0.3685044,0.0,0.0,0.6491933,-0.19340086,-0.31275052,-1.0251386,0.47942072,-0.3570623,1.2248123,-0.5503797,1.0438112,-0.0009711348,0.9432853,0.24578957,1.483583,1.5428836,1.3688382,0.9915098,0.5324464,-0.77094215,-0.09371959,1.4759835,0.021099638,-0.7128836,-1.2396071,0.22549163,-0.78227127,1.82023,-1.8167672,0.5718546,-1.1074433,0.7156132,0.26867068,0.5660182,0.5394456,0.9143409,0.0068642837,0.647919,1.4994668,-0.2467988,-0.21064651,-0.36134008,0.7340868,-0.502613,-0.92479014
134,-0.03966692,0.20026287,1.0,1.0,-0.051096033,-0.04761325,-0.08272547,1.0,0.0,0.05091838,-0.19340086,-0.31275052,1.3869522,0.47942072,-0.3570623,0.9330091,0.6981421,-0.8588359,0.9347672,1.2033918,-0.6299029,1.1442921,-1.0872049,-1.2925441,1.513372,1.8193313,-1.4830916,0.5026727,-0.7479255,-1.7552471,0.7774838,-1.5915079,-1.0320582,-0.3161995,0.1964507,-0.5849185,0.9401133,-1.639879,-0.98534125,-0.44147617,1.298015,0.09108192,0.86992264,-1.1688195,-0.93136024,-0.108627595,0.24168234,-0.9555578,-1.5557244,-0.89941597,-0.43212056,-1.5888766
135,-0.03966692,-0.24509242,0.0,0.0,-0.051096033,0.9240857,0.6693243,0.0,0.0,0.10546944,-0.19340086,-0.31275052,-1.0251386,0.47942072,-0.3570623,0.8448617,-0.56065357,0.7765157,0.22845206,-0.44133037,0.18469639,-0.25503227,0.071843326,-0.5632031,0.7410272,-1.0084902,1.136182,1.1826898,-1.8078523,-1.8948679,0.53597456,-1.6501126,-0.07717939,-1.0772674,1.3430463,1.4135385,0.7473194,0.7220458,0.05357166,0.13418522,-0.579673,1.3572018,1.2126977,0.37193194,0.2295608,0.2619347,-0.7983726,-0.64513826,-0.19101532,-1.1515017,-0.11629758,-0.925194
136,-0.03966692,-0.23602973,1.0,0.0,-1.6232817,-0.04761325,0.06768448,1.0,0.0,-1.3471518,-0.19340086,-0.31275052,0.1809068,0.47942072,-0.3570623,-0.19286856,-0.708598,1.3258708,-0.3164106,-0.9403546,1.9233488,1.114635,-1.4082625,-1.4065032,-0.5552655,-1.0587671,0.44877708,0.3135316,1.6214818,-0.23053941,1.2574893,-1.1512604,1.30226,-1.5413615,1.4558588,-1.7648629,-0.20265754,-0.22530706,-1.5018411,-0.8490959,0.2933353,-1.6704793,1.936323,1.380899,-0.07433691,1.0860258,-0.48442072,-0.8413958,0.54230577,0.96232086,-0.42173135,0.3978543
137,-0.03966692,0.32933787,0.0,0.0,1.1280432,0.14672653,-0.83477527,0.0,0.0,0.11721278,-0.19340086,-0.31275052,-1.0251386,0.47942072,-0.3570623,1.1433254,-0.34671795,0.135253,-0.9363521,-0.1787932,-0.64621043,-1.4414128,1.4055865,-0.58174413,-1.1113986,0.1600484,0.95175445,-0.65085155,-0.32575622,0.30238518,1.6781032,1.6510935,1.2289166,0.534282,-0.3919028,1.4638965,0.41488543,0.10489135,-1.3660773,0.26131007,0.34764135,-0.8550065,0.0021405118,1.0809485,1.6718932,0.8288643,-1.808993,0.34137133,-0.22500716,0.5049533,-0.8082569,1.0764515
138,-0.03966692,-0.2652328,0.0,0.0,1.1280432,-0.5334627,-1.3612101,1.0,0.0,-0.7800381,-0.19340086,-0.31275052,0.1809068,0.47942072,-0.3570623,0.79904777,1.1181859,-0.026150234,1.0565499,0.7664941,-1.5110613,-0.845189,-1.2492753,0.7576486,-0.7345821,-0.756158,-0.18608306,-1.4369005,0.6252452,1.4362788,-0.9103806,1.2312866,-1.3757678,-0.077976145,-0.51243126,1.2131908,-1.3302519,1.4647504,1.3923241,-1.6306269,-0.26542413,-1.0016798,-0.2885379,0.40138066,-0.26373672,0.31620902,-0.99889433,-0.016335825,1.6443634,1.5819113,1.4894246,0.15838434
139,-0.03966692,-0.7592395,0.0,0.0,-0.44414246,-0.04761325,0.9701442,1.0,0.0,-0.29423442,-0.19340086,-0.31275052,0.1809068,-2.826929,-0.3570623,-0.38731623,0.43803796,-0.029716104,-1.2519102,-0.55028015,-1.4285715,0.9261403,-1.6918756,-1.5534704,-1.5605425,1.3694332,-0.5736271,1.1421891,-0.9493821,1.5587667,1.4135325,0.25747952,-0.65419257,-0.4449206,1.7956392,-0.14622441,-1.6132543,-1.8503855,-1.4826281,-0.72751087,0.42880225,0.4877344,0.7732377,0.006885715,-1.6769642,-0.7270961,0.7889135,-1.2843717,0.6816887,-0.9612013,-0.13739553,1.2906951
