,f,y,x1,x2,x3,x4,x5,x6,x7,x8,x9,x10,x11,x12,x13,x14,x15,x16,x17,x18,x19,x20,x21,x22,x23,x24,x25
0,-0.86639917,-1.1794033,1.0,1.0,1.0858992,1.5915055,1.6397064,0.0,1.0,0.947295,0.48858795,0.7891114,-1.6082952,-0.7347378,-1.5469774,1.184739,-0.4379184,0.6539659,-0.83490354,-0.51849556,-1.6896479,-0.5182087,1.537703,-0.9433,-0.6853904,1.4482225,-1.5885198
1,-1.7856448,-1.4544613,0.0,1.0,1.2548039,-1.6936033,0.8351648,1.0,1.0,0.5297048,0.042859204,-0.05428661,1.5627023,-1.7679036,-0.89562494,0.6863572,-0.6085002,-0.77272123,0.7064565,1.4380811,-0.86752367,-0.16989353,-0.86180913,-0.38650274,0.2749467,0.9402842,-1.4644344
2,0.44513357,0.42558017,0.0,1.0,-1.2542281,-1.384541,-0.9482305,0.0,1.0,0.61264575,-0.8718393,0.25572243,0.18845715,-1.5161351,1.152891,-0.36978987,-1.2435566,-1.0775579,-0.012358464,0.73036224,1.7222184,1.2851461,-0.013660425,-1.3265567,1.3145179,-0.4832029,-0.9177366
3,0.4822596,0.6807731,1.0,1.0,-0.9187228,0.32024392,0.18499789,0.0,1.0,-1.3202617,0.88919926,-1.0234777,-1.1236455,-0.25467876,-0.57323545,1.5639313,-1.250076,1.2372836,0.61506504,-1.3350104,-1.4139051,1.6052597,-1.0641357,-1.4123693,-0.85380596,0.51320523,0.18547392
4,-0.58508724,0.005912154,1.0,0.0,-0.7777566,-0.92157567,1.187897,1.0,1.0,-1.2342104,-0.9865483,-1.4903457,0.85278463,-1.1445253,-1.319747,-0.99096704,-0.76795244,-1.633917,-0.8415046,0.5824303,0.9352212,-0.9802428,0.37519658,1.4515826,0.06301324,-0.4516593,-1.652961
5,-0.7969429,-0.5630488,0.0,0.0,-1.4529039,-1.134229,1.1611185,1.0,1.0,-1.2639912,-1.3404309,0.22540547,0.7169943,1.5238918,0.8361174,-0.48360208,0.9247832,-1.5019909,0.44813877,0.7601395,-1.5763445,-0.38933286,-1.1777465,-0.7426194,-0.9982245,-0.6936258,-1.2290524
6,0.28224263,0.8754768,0.0,1.0,0.25786003,-1.1065868,-0.018719196,1.0,1.0,-0.003110844,-1.260237,-1.2706782,1.1797873,-0.41018623,-1.1631808,0.9924388,1.4606831,1.1842285,0.771757,-1.3690629,1.4716698,0.2487519,1.3694214,0.2489422,-1.7278982,1.7153628,-1.2422677
7,-1.8526897,-1.474298,1.0,1.0,-1.1102737,-1.2409059,0.559906,1.0,1.0,1.5086808,-0.98888296,-1.3091813,-0.37799796,0.63649225,1.5166719,-1.2023414,-0.13451199,-0.76610863,-1.0162868,-0.65297925,1.0600474,-1.4452416,1.2616787,1.1806905,0.5351299,-0.72461236,-1.126079
8,0.647593,1.2972854,0.0,0.0,-0.10688817,-0.48699895,-1.253739,1.0,0.0,0.72373337,1.2883068,0.6041045,-1.2345977,0.9769676,-1.0043737,1.5250353,-1.4626958,0.51649356,0.41865996,-0.06448262,-1.1448117,-0.8895579,0.7839081,1.6117729,1.3569169,0.8180842,-0.8932943
9,0.9233682,0.46405926,1.0,0.0,-0.7653571,0.9106581,0.6187815,0.0,1.0,-1.4115916,-0.024094298,1.1759752,-0.61545646,0.2951501,-1.1214353,-0.65740496,0.70157796,0.02257414,1.3213491,1.1283327,-0.6811856,-1.6678512,0.48319575,1.3030411,1.103436,-1.7063929,-1.1765171
10,1.1060785,0.75941914,0.0,0.0,-0.6423404,-1.4432222,-0.51891613,0.0,0.0,0.9713193,-1.4807533,-1.5054889,-0.2513695,1.5782039,-1.0000943,1.4979287,-1.6032739,1.3917358,0.24975318,1.1080505,-0.03743833,-0.891559,1.175795,-0.5188683,0.69868535,1.5787109,1.453967
11,-0.97756004,-1.5318738,1.0,0.0,0.97348875,-1.5672257,1.3811684,1.0,0.0,0.050829493,-0.009368198,-0.9842296,0.4002561,-1.7624991,-0.94068617,0.048803333,-1.0517725,-0.89063036,-0.20271629,-1.5188993,-0.9944023,-1.5123014,1.0183381,0.03827911,-0.8802152,1.0255265,-1.1641207
12,0.5924371,0.839736,0.0,0.0,0.19071044,-0.6517057,-0.9570558,1.0,1.0,0.22640342,-1.5686727,-0.3821536,-0.55362207,0.41250786,1.2527379,0.89422846,1.7477745,-0.2806831,-0.9810291,1.4495088,1.1260725,1.421716,-1.0075939,-0.07654119,-0.6714963,-0.18150194,0.8078948
13,-0.47573784,-0.58264846,0.0,0.0,-0.56812143,-0.95405984,-0.15747225,1.0,0.0,-1.6877989,-1.3185052,-1.276631,-0.12889245,-0.5344456,1.4285165,-1.0483291,-0.41000444,-1.6779164,-1.5243434,1.1612766,0.73324364,-1.4437658,0.99392223,-0.32769185,-1.2717236,1.6828307,-1.2884351
14,-1.0487397,-0.647268,0.0,0.0,0.75604063,-1.4862279,0.389698,1.0,1.0,0.39487424,0.5532396,-0.073212095,-1.7113439,-0.43739793,-0.7250098,0.12650946,-0.057614103,1.3961066,-1.2165393,-1.4696258,-0.04672207,-1.3337791,0.7517368,-0.95132977,-0.9428163,0.3808987,1.0192132
15,-0.16264756,-0.023212606,1.0,0.0,-0.22792263,1.671935,0.39468908,0.0,1.0,1.0158331,0.81018245,-1.1893095,1.4553286,1.6736568,-1.0000597,-1.0933936,-1.5859457,-0.019251743,1.0742208,0.54365635,-1.260929,1.5287253,-0.5601302,-0.045357738,-0.4871835,0.033708036,0.33119443
16,-0.47016326,-0.41422984,1.0,1.0,1.5151744,1.0415329,1.2924688,1.0,0.0,1.3194917,1.4456104,-0.4044642,-0.89843524,-0.88549566,0.5955581,0.58249825,0.951872,-0.09955921,0.62385464,1.2371652,-1.0561557,-1.6881665,1.1516265,-0.73699826,1.5206819,0.8908104,-0.1873742
17,-0.5791332,0.36568385,1.0,1.0,-0.50760543,0.23197351,1.7108248,0.0,0.0,-0.6276124,0.41265005,1.736912,0.21404283,1.2190601,1.2475282,1.6240273,-0.72622687,-1.1087495,-0.6296318,-1.6252164,-0.95631987,0.27276176,0.6353711,0.53792787,1.1192918,0.6912939,1.1663479
18,0.68415797,0.95054394,1.0,1.0,-1.08172,1.2984053,-0.7776417,1.0,1.0,-0.069190264,-1.2323925,0.5256846,-0.7956855,0.41369173,1.0601385,0.2339583,-1.73387,-1.0393922,-0.6791797,1.1409724,-0.98915315,1.6775378,0.023940027,1.1439565,-0.2771898,1.664588,0.2568932
19,-0.55865,-0.5704127,0.0,0.0,0.68037874,0.7264076,-0.96299094,1.0,1.0,0.24333294,-1.2439947,0.90836984,-0.23813206,0.8335544,0.5849391,1.6727121,-0.4270928,-1.3981428,1.32673,-1.257122,-0.16811973,-0.1484721,-0.8992387,1.7517207,1.3149133,0.5389668,0.57489276
20,-1.0033945,-1.4358068,1.0,1.0,-0.9780427,0.688433,-1.605361,0.0,1.0,1.029896,-1.6139772,-0.98601735,-0.5512128,-1.6263742,0.2261359,-1.553149,-1.7042935,-1.5530123,0.03904061,-0.11788498,-0.65394306,0.51031196,-1.5681267,-1.273084,1.3757068,-0.509251,-0.91716653
21,0.04509617,0.56825817,1.0,0.0,-0.14876886,0.16693926,-1.1162876,0.0,1.0,1.0095035,0.113228574,-1.7138467,-0.06169843,-0.39241368,0.8584317,1.039808,-0.12358423,-0.30052546,0.5369919,1.4925058,-0.5756372,0.35133284,1.0132604,1.1080904,-0.8652708,0.020431269,-0.4674528
22,0.91635245,1.3349991,0.0,0.0,1.3786348,1.2409168,-1.01033,0.0,1.0,1.1447215,-0.60814905,1.1448548,1.0829756,-0.47343838,0.53902495,1.6662906,0.15371808,-0.108958215,0.847017,0.8208196,1.5271747,-0.34743813,0.5528557,1.4709724,0.17821702,-0.9118728,-1.6791348
23,-0.007765233,-0.48544186,1.0,1.0,0.3296827,0.8683133,1.3630034,1.0,1.0,-1.0129055,0.11981859,-0.027808273,-0.731602,1.5710032,1.5321056,-1.4003819,-1.0789825,0.823044,-1.2156255,1.2675614,1.7499936,-0.49009264,-1.005345,0.040557746,1.4093728,0.70637685,-1.0873208
24,-0.92815316,-0.9919549,0.0,1.0,-1.2620792,0.316804,0.43482265,1.0,0.0,-1.0357466,-0.23877324,-0.035769,0.84908944,1.3065953,-0.7837959,-0.10198194,-0.10319013,-1.6730672,-0.754766,-1.5013669,0.14232199,-0.4680846,1.0868293,0.9808936,0.08447256,1.1435169,-0.51738673
25,-0.6504991,-0.5459911,1.0,1.0,0.52070975,-0.601341,1.4126579,1.0,0.0,-1.1271907,-0.86983943,-1.2163495,0.63336104,0.81371474,0.97924703,1.6735754,-0.01551336,0.65117556,-0.21462914,-0.869448,0.58450246,-0.80381453,0.6201434,1.4845273,0.52259314,-1.2907366,-0.74533427
26,0.7286147,0.008443732,0.0,0.0,1.5298716,0.60816675,-0.14478074,0.0,0.0,-1.326458,1.4537059,-1.3033402,-0.62949944,-0.82694834,-0.5891055,-1.109617,-0.88708717,-1.3695881,1.425599,-1.19974,-1.1278932,0.40351298,-0.35981715,0.9351031,0.06244368,-1.3902663,-1.0079294
27,0.67790926,0.5557049,1.0,0.0,-0.029849276,-0.7114905,0.3279254,1.0,1.0,0.19818579,1.3569274,-1.5138404,-1.6246028,-0.31953618,-0.7966389,-0.92984897,-0.8564301,0.51975733,-1.5271574,0.0844671,1.5972729,-0.22308193,-1.291684,1.5596364,0.041797686,-0.8612954,-0.9975698
28,-0.461384,0.15340152,0.0,1.0,-1.4449773,0.38897744,0.8908625,1.0,0.0,-1.5542417,0.16824077,-1.5944816,1.3308405,-0.08480509,1.0513285,-0.71761435,0.6780539,1.4998598,-0.547072,-0.63551545,0.35237363,-1.7317176,0.4311836,-0.3374083,1.5881526,-1.6178907,-1.5886914
29,0.9601323,0.25049987,0.0,0.0,0.618702,-0.056722805,-0.5955369,1.0,0.0,-0.914285,0.07261211,0.8816631,-0.87002534,-0.12206248,1.0418612,1.559411,0.50277394,0.33140898,0.052863892,-0.2593909,0.76212215,-1.2276765,1.3498998,1.1938274,-0.35831523,1.1891322,-1.4128106
30,-0.70053554,-0.48486045,0.0,1.0,-0.9959688,0.82973593,-0.6064412,1.0,0.0,1.2373557,0.8141984,-1.2172976,0.5461686,-0.17308751,-0.1579842,-0.9572947,0.48073384,0.2813978,0.47279903,-1.272824,-0.5305699,0.1820767,0.31001547,1.4426432,1.1018665,-0.5039716,-1.4663084
31,1.8520374,2.6836545,0.0,1.0,0.87021387,-0.25200155,0.09636916,1.0,0.0,0.91253704,1.374572,-0.68008184,0.86762494,-1.5082258,-0.8340627,0.008458824,1.6675776,1.335706,1.02425,0.9176937,-1.5200851,-0.12867191,-0.8683204,1.5115671,0.7171629,0.085828,0.31038374
32,-0.8326974,-1.1055382,0.0,1.0,0.5258349,0.24867426,-1.3425795,0.0,1.0,-0.5497395,-1.3227271,1.5999868,-0.32088214,0.34456366,1.4336734,-0.13370396,-0.6410698,1.6726443,1.3882211,0.97442997,1.3507738,-0.063727096,1.2670655,1.4328854,-0.31393847,-1.052264,-0.7187746
33,-0.89739007,-1.096756,1.0,0.0,-1.1074638,1.5565941,-1.563302,0.0,1.0,-0.35274097,-1.4423943,-0.29731065,0.80270904,-0.55589324,0.9127878,-0.21626139,0.8164856,0.15459661,0.07024155,1.4414681,-1.3064871,0.6123364,0.41981778,-1.5789424,-1.4534627,0.61158854,-1.0143355
34,-0.55493265,-0.45939058,1.0,0.0,-0.36122897,1.6864399,-1.2976931,1.0,0.0,-0.41571215,0.3834007,-0.7545359,0.54739887,-1.3599508,0.249161,0.4091844,-0.5693162,-1.4600953,0.05798724,-1.542411,-1.0107249,-1.7049737,0.27643773,0.33165205,-1.013716,-0.37135166,1.7177689
35,1.0332115,1.259193,0.0,0.0,0.12838323,-0.42637873,0.07067327,1.0,1.0,-1.170527,-0.40624547,0.98953515,1.1617051,0.3867181,0.006791702,-1.4966987,-0.6470107,0.10286136,0.060155656,-0.3962288,-1.5073487,0.9477685,-1.2922701,-0.783186,0.8906265,-1.3775524,-0.27799276
36,-0.28317544,-0.10863891,1.0,1.0,0.6656523,-1.6773499,-1.2708417,0.0,0.0,1.4730732,1.4234124,1.1997162,-0.8806868,0.060068786,1.7057786,-0.7224279,1.747783,-1.6633552,-0.8317977,-1.2528164,-1.2607396,0.23117669,1.1084025,-0.5517337,-1.2541363,0.85852575,-1.6541659
37,-0.63955164,-1.3042527,1.0,0.0,-1.4140493,-1.240248,1.1067353,1.0,0.0,-1.2050592,-1.6053976,1.5873272,-1.2193911,0.14790261,-1.3962983,0.30419946,-0.80013734,-1.4433703,-1.0817271,0.73955387,0.86044925,-0.12147045,-1.0839382,0.41602245,1.2447987,0.7650342,1.5004412
38,-0.18570212,-0.5213969,1.0,0.0,-0.23404516,1.4193418,0.14061473,1.0,0.0,0.40871176,1.1400249,1.4584785,0.52960736,0.1417159,-0.9898098,-0.7704841,1.3187722,-0.91026694,0.3021086,0.4466797,1.0074875,-0.017406195,-1.5640943,-1.4012439,1.0284762,1.1414233,-1.4042861
39,0.23373312,0.27822816,1.0,0.0,-0.24894883,-0.19830112,-0.56439996,1.0,0.0,-1.700133,1.176978,0.17406562,-1.066347,-0.044982813,0.36929515,0.031015072,0.324207,0.14396,-0.59514236,0.12311392,0.4842156,0.46862572,-1.1111424,-1.050422,-1.5077727,-0.4558834,0.44750297
40,-0.32000235,-0.45939997,1.0,0.0,-0.301001,1.1465544,-1.813083,1.0,1.0,-0.9778464,0.17117028,1.6698453,-1.7099714,-1.608612,0.6802159,1.5722395,1.2757113,-0.5043448,0.45892417,-0.07244074,1.0789927,-0.22178888,0.46373415,1.0721575,1.0933316,-0.06421944,-1.3810092
41,-1.4721935,-0.9720424,0.0,1.0,0.52684355,-1.6320568,0.8263684,0.0,0.0,0.3399204,-0.46951142,1.2286516,-1.6037084,0.08338736,-0.749941,1.6756158,-1.6984744,-0.8606922,0.002605595,-1.2901769,-0.22178888,-1.2852906,0.82608294,1.5040716,-1.456884,1.365007,0.9232816
42,-0.109842464,-0.25137442,1.0,1.0,1.4831847,1.3451304,-0.2675513,0.0,0.0,-1.1540287,-0.25975806,-0.25024462,-0.7593982,0.09524954,0.8538359,-0.9319743,-0.3813618,1.1849638,1.0016437,0.8843178,-0.741061,1.3717246,-0.6738798,-0.42121372,1.4458599,1.2757746,0.36048386
43,1.789304,1.6266855,0.0,0.0,1.6323119,-0.8701236,-1.5639502,1.0,0.0,-1.3082967,-0.0809413,-0.6858949,1.2320855,0.37490574,-0.4898393,0.07992558,0.72966903,-1.7302544,1.3743142,1.4041609,1.586306,-1.6287416,-0.6638468,-1.3620644,0.9338259,-1.2917293,-0.91257846
44,0.22367242,1.0363395,1.0,1.0,-1.433125,1.279265,-0.9123857,1.0,1.0,-1.5397456,1.6082166,0.23319972,0.5301146,-1.1013142,-1.7218338,-1.1351984,-0.7246764,-0.69306135,-0.70408434,0.15692793,-1.5171262,0.904795,-0.60270315,-0.02255803,0.92779577,-1.0595783,-0.86724895
45,1.5036392,1.4677638,1.0,0.0,-1.6477648,0.56559443,-0.48354855,1.0,1.0,1.0090528,0.27170497,0.38163546,-0.42141944,1.5969405,1.5090976,1.358675,-1.0975021,-1.0919218,0.3027998,1.0165241,0.05440035,-1.0243924,0.45077866,0.399418,-0.58535945,-1.3286738,-0.49877053
46,0.21943337,-0.21127126,0.0,1.0,-0.18964098,-0.9458491,-1.0101244,0.0,0.0,0.83416414,1.3662024,0.4518523,0.74468505,0.39366058,-0.22505598,-0.22206475,-0.287946,-0.7342047,-1.0913762,0.33319467,-0.49483487,-1.0506119,0.47513643,-0.13164379,0.41961917,-0.3444118,1.5620805
47,-1.4264412,-1.4274908,0.0,0.0,-1.1969029,-0.04768082,0.46964505,1.0,0.0,-0.9436241,-0.95653903,0.24226561,-1.0175389,-1.4446472,1.3318416,-0.9052264,0.8631313,-0.82875896,1.153163,0.06903475,-1.4706385,0.8186088,-0.21916132,-1.3150256,1.4131743,0.5053051,0.54346234
48,0.15457204,0.052450724,0.0,1.0,-1.7171729,0.20571542,-0.4535555,1.0,0.0,0.6017858,-0.36415344,0.24485168,-0.97376454,-1.2626317,0.6657682,0.7039856,-1.3766494,-1.2459023,1.6409434,0.3942405,-1.4195325,-1.4054285,-0.3893436,-0.2537234,0.08576034,0.055071127,-0.46635798
49,0.026905503,0.33928758,0.0,1.0,0.1666758,-1.4283806,-0.92284113,1.0,1.0,0.2169429,1.0327039,-0.67135763,0.49039677,-1.4240272,-0.4612924,0.40930092,1.3743507,1.3183951,1.3814157,-0.5990795,0.077704996,-0.16187423,0.7323537,1.5453728,-0.97319645,0.3249013,0.028465506
50,-0.23525617,-0.03615117,0.0,1.0,0.103702836,0.91378003,-0.933448,1.0,0.0,-0.9381547,-0.6889947,-1.4101489,-0.3903716,-0.8583526,-0.9292096,-1.161439,-0.045640234,0.8102034,-1.392645,1.467088,1.2866087,0.07110366,-1.4346998,1.7424113,1.2583985,-0.6129778,-0.10353091
51,-1.2062246,-1.3523928,0.0,1.0,0.8022557,-0.89601433,1.2928134,1.0,1.0,-1.2363504,-0.22195119,0.11553307,-1.3358366,-0.9193323,-0.05056587,1.381435,1.6130632,0.7512667,0.6101873,1.6780862,0.015165785,-1.3208779,0.39372772,1.699799,-0.25501752,-1.1123425,-0.117217705
52,0.55847967,0.38955992,0.0,1.0,1.3605978,1.5043997,-1.0140814,1.0,0.0,-0.5026356,-1.6225859,0.75200933,-0.5579647,-1.4818456,0.2651434,-0.97819084,1.2338606,1.3293948,1.5151817,-0.156095,0.8096352,-1.0711187,-1.5532688,0.8615226,-1.5376751,0.5632991,-1.345939
53,0.8159615,0.5829508,0.0,1.0,0.7737665,-0.9021136,-1.5274515,0.0,0.0,1.0598687,-1.2838322,-0.9854187,0.47990006,1.6871471,1.1838708,-0.45060438,0.06868029,0.40707883,-0.20353907,1.5661849,1.730482,-0.27898067,1.5201507,-0.08266402,0.17973588,-1.6614747,0.69468987
54,-0.13442501,0.458861,0.0,1.0,-1.310377,0.4534653,-0.23530525,0.0,0.0,-1.175355,1.3562636,0.6780194,-1.5394177,-0.8763961,-1.4460317,0.35744387,-0.2881009,0.6872771,-1.4424127,-0.9478466,-0.99098235,-1.5813991,-1.344104,0.59562445,-0.97120523,-1.2647519,0.6781649
55,-1.3589371,-0.4735065,0.0,1.0,1.5901862,-1.393578,1.1079257,1.0,1.0,0.4666578,0.9936559,1.6807014,1.52972,1.5616988,-1.3897938,-1.7099978,1.6995379,1.6542034,0.39881173,0.6087982,-1.3519495,-0.19234882,-0.3685637,-0.66006786,0.1686543,1.52252,0.39810282
56,-0.43504873,-0.46032682,1.0,0.0,-1.3209604,-0.16752729,0.49195564,0.0,1.0,-1.4885985,-0.43389517,0.38497353,-0.2861171,0.6483718,-0.07734054,0.96703935,0.95446587,0.39943582,0.6942871,-0.5223406,1.5920396,-0.082166284,-1.4690095,-1.6239942,-1.529676,-0.80631125,-0.18232821
57,0.4996964,0.74778944,0.0,1.0,0.711574,0.4184319,0.905976,0.0,0.0,1.7140961,-1.0503534,-0.72949183,1.4703792,1.2352556,0.44416192,1.0485755,-1.1474878,-1.2727654,-0.287271,-1.2155331,0.9358981,1.3544728,-0.5810207,0.15421703,-0.57956636,0.36797166,1.6641977
58,-0.6961002,-0.53813195,1.0,1.0,0.6897904,1.4231611,-0.88886195,1.0,1.0,-1.5778545,0.3749269,-1.6581889,-1.6326869,1.3368319,0.5785186,-0.366657,1.5896289,-0.0054835863,-0.72143817,1.1197621,-1.0284125,-0.55809397,1.0241414,0.34707832,-0.89938,0.3855644,0.7398331
59,0.09278489,-0.132158,1.0,0.0,0.10438831,-0.20359334,-0.5908079,0.0,1.0,0.16051099,-0.8570987,0.5558492,0.47999305,0.7621538,0.69230205,0.16073489,1.2930344,0.5655551,-0.21711203,-1.0463521,-1.5653015,-0.20393877,0.15103014,0.28904372,0.9571361,0.80739534,-0.254342
60,1.0381076,0.8082442,1.0,1.0,1.0681584,0.04363431,0.70772415,1.0,1.0,-1.1636761,0.3917588,0.47737828,1.201951,1.1490315,0.4888995,-0.4855335,0.90601444,0.22384667,1.5836145,1.6722279,0.8491296,1.3664738,-1.0569383,0.09880206,0.63707924,0.7579814,1.207183
61,0.7788628,0.56736183,0.0,0.0,0.96005076,-0.95456076,-0.5645237,1.0,1.0,0.29597494,1.2773261,0.3068376,1.1013818,-0.9783802,-1.563107,1.3527147,-0.587434,-1.5600868,-0.7585778,-1.0212702,0.71028036,-1.420161,-1.6958437,0.3681611,0.782912,1.2156353,-0.6153185
62,-0.020528402,-0.8659493,0.0,1.0,1.4166896,-0.74140733,1.3767176,1.0,0.0,-0.5775738,0.115733765,0.50511485,-0.2888954,-1.4166775,0.07186023,1.2532419,0.24830966,-0.08355641,-0.30131003,0.41920945,-1.1786957,-1.4057763,0.741386,0.8992015,1.4056252,-1.6767781,-0.29188448
63,0.2653161,-0.0674873,1.0,1.0,-0.91814387,0.10378297,0.6055189,1.0,0.0,-1.5526412,0.29914474,-0.8394861,-1.3606855,0.8340716,0.6216084,0.5364286,0.66957116,1.739962,0.9710513,0.3971249,-0.7623349,0.46498534,-1.180202,-1.3069373,0.7361422,-1.7317841,-0.64458746
64,-0.6247769,-0.42553023,0.0,1.0,0.9430802,1.2102842,0.10947848,1.0,0.0,1.0840071,1.6864775,-0.8982328,-1.6437619,-1.1361195,-1.40375,-1.479321,1.3099674,0.073164694,0.9426032,-1.2005825,-0.23838036,-1.637528,-0.39157408,-0.45026132,0.4263354,1.233587,-0.1765192
65,-0.64653444,-0.24128269,1.0,0.0,-0.9585702,-0.5948089,0.8019355,0.0,1.0,-0.98941654,0.016982075,0.49461967,-0.9766293,0.4045674,0.3242355,1.352711,-0.72968173,-1.4056685,-0.073431484,1.1945794,-0.73970395,-0.6758235,-1.0576556,1.3000892,1.4478313,-1.5739737,-0.017946644
66,-0.5235652,-0.6146688,1.0,1.0,0.25144652,1.0629694,-1.7461814,0.0,0.0,-1.3327503,1.1490388,-0.99979883,0.924511,1.5078384,-1.2131954,-0.014860635,0.5876184,-1.4716179,-1.3301231,0.97167647,-1.2044355,0.4958131,-0.8201473,-1.2956188,0.016545122,-0.47590226,1.4352524
67,-0.03879943,-0.20396796,0.0,1.0,1.0262312,-0.16952534,-1.5754817,0.0,0.0,-1.4619863,-0.64367706,-0.5188819,1.0293864,0.31258532,-0.45637208,1.614874,-1.4403669,-1.1480131,-0.52195656,1.0759825,-0.2688758,-1.2601284,0.6113158,0.40602267,-0.06317545,0.78187805,0.5863118
68,-1.4993612,-1.2182144,0.0,1.0,-0.53490525,-1.5637099,-0.12698127,0.0,0.0,0.6361191,-0.17914166,1.4725821,1.5072491,1.6620911,-0.481105,1.1690385,0.55025345,-1.1293838,-1.5886794,0.37442887,-1.1801099,-0.019470826,1.369031,1.6502221,1.0015498,0.40344152,-0.2565198
69,1.214056,2.1163902,1.0,1.0,-0.5010127,0.9546965,0.13765143,1.0,0.0,1.291204,1.1869369,1.0755568,0.104801126,1.4956656,0.5253802,1.0425385,-1.1831732,0.77419096,-0.46652183,-0.70739233,-0.80127275,-1.4081413,0.48346028,-1.4974521,1.5822814,1.0007905,1.0739397
70,-1.825436,-2.23332,0.0,0.0,-0.82203114,0.07975562,1.4783692,0.0,0.0,-0.16224648,-0.74862367,-1.2267897,1.5664998,-1.0705291,1.0639787,1.1127614,1.0664158,-1.056522,0.70524174,0.6165947,0.49838015,-0.04071775,0.3301515,-0.8067396,-0.5374211,1.6539407,1.720609
71,-0.67315584,-1.0135194,0.0,1.0,-0.17978938,-1.266176,1.1156032,0.0,0.0,1.2708876,-0.69379705,-0.055030208,1.121745,0.80299395,0.16767001,0.6840643,-1.0429662,1.2213647,-1.0499626,0.6964183,1.7148398,-1.7021238,1.262206,0.80553067,0.29226458,1.0836486,-0.7072095
72,0.2133102,0.021240832,1.0,1.0,1.1150157,-1.65082,-1.2771893,1.0,1.0,-0.6526238,0.21613616,0.19580527,0.085900895,1.1306517,1.0684183,-0.68874645,-0.8350031,0.33481905,0.55651206,-0.9842613,1.6626327,-0.7729949,-1.0141268,0.014308077,-0.6811221,-1.0831499,0.9492513
73,-0.5701949,-0.3294552,0.0,0.0,1.4854243,-1.0575283,1.3504528,0.0,0.0,0.8573677,0.694904,-0.50220007,0.09469853,0.4846051,1.6259336,-0.84628433,-1.1323704,1.4119174,-0.75541127,0.82850695,-1.2261628,0.40978238,-0.23843408,1.2696172,-1.7183334,-0.089476645,-0.9435323
74,1.3640172,0.9887312,1.0,0.0,1.0700775,0.287557,0.5633312,0.0,1.0,-0.8444549,1.547988,-1.5232687,0.049137916,-0.32661688,-0.91844326,-1.3956586,-0.87112856,-1.520125,-0.9051969,1.4794182,0.91630334,1.6800076,1.6590674,-0.9875104,-0.8389924,-0.21105045,0.5860704
75,0.7681149,0.9727118,1.0,0.0,-1.4689506,-0.61926365,-1.2487189,0.0,1.0,1.6065106,-0.15062462,-1.6924481,-0.2865655,-0.33796787,-0.69132316,-0.3433546,-0.69755125,1.7523134,-0.5056601,0.22839713,0.037221078,-0.51306385,-1.6329254,-0.90642065,-1.2704594,-0.6897962,1.0572665
76,2.6688898,2.352103,1.0,0.0,0.3318337,-0.16018265,0.4462705,0.0,0.0,0.9873454,-1.5753564,1.2920839,0.0055989404,-0.23553582,0.059211902,1.4501436,0.22122933,1.3957419,0.26604474,0.24847879,1.3528359,-1.5248619,1.0736591,0.22932087,1.2237228,-0.72343355,-0.68292856
77,-0.21421604,0.03282575,1.0,1.0,0.09791553,-0.62792176,-0.5758265,0.0,1.0,-0.39946333,0.6402585,-0.9474015,-0.4503612,1.1360055,-1.4447309,-1.6343821,0.31161812,1.616331,-0.47264344,-1.4929907,-0.054052092,0.08929265,-1.1970328,-1.5973207,1.1953893,0.2951185,0.4544523
78,-0.19071515,-0.32905483,0.0,1.0,0.35240233,1.2858183,-1.0050316,1.0,0.0,-0.6441281,-1.4977225,-0.4214482,1.5711044,0.8489422,-1.5610447,0.55765325,0.17037417,-0.98371047,-0.2653604,0.42015016,-1.2809054,0.61427844,-1.7014043,0.5799589,0.19238217,0.018503476,-0.44074798
79,-0.23128176,-0.4201663,1.0,1.0,0.6406707,-0.8211353,-1.2583916,0.0,1.0,0.35498616,-1.1837674,-0.130087,-0.46015465,-0.50225264,-1.7162644,-0.32464242,0.9936373,-1.3245562,-0.17576052,-0.7197756,-0.5060355,-1.629644,-1.2552565,-0.6139384,-0.51660293,-1.4907814,-0.89917105
80,0.045233663,0.40331945,1.0,0.0,0.6733658,-0.765204,1.0190593,0.0,0.0,0.5278102,1.5030434,1.095769,-1.1205853,1.630558,0.99269843,-0.3472834,0.19688936,0.58302456,-0.19795658,-1.1281991,-1.5238211,0.22699994,0.6787768,-0.39356706,-1.4237968,-0.9891288,-0.95141584
81,0.08833375,-0.43250552,1.0,0.0,0.5751378,-0.99932927,0.24626614,0.0,1.0,-1.0511606,1.3569466,1.4265072,-0.8083844,0.2256873,-0.3100786,0.6595215,0.72991544,1.7771369,0.2602539,0.1603439,-0.74999315,1.4727657,1.286064,-1.1600671,1.235865,-0.13141532,0.88039935
82,1.0481521,0.71043926,0.0,1.0,0.98068696,-1.0226673,-0.35306224,0.0,1.0,0.58687335,-1.6663734,1.0326264,-1.5436536,0.7424078,-0.86543375,0.8039915,-1.4232454,-0.0004431917,-0.22266507,1.0421401,-0.2441052,0.6252735,1.0084507,-0.040383462,1.5650337,-0.82824606,1.2924083
83,1.3047712,1.6251458,1.0,0.0,-1.6049113,1.6942115,1.0221989,0.0,0.0,0.72948647,0.58339524,-0.65639716,0.2518645,0.6409328,0.831449,-1.5165246,-0.84683156,-0.13853627,-0.35076293,0.6721872,0.36877203,-1.0255846,1.6372079,-1.3866727,0.0014119742,-0.79771024,-1.5229723
84,-0.4447029,-0.10818339,1.0,1.0,-0.053905625,-1.2530786,1.1382593,0.0,0.0,-0.5211284,-1.5685986,-0.1566371,-1.4060024,-0.71931463,-1.5778884,0.06548739,-0.554795,1.5530981,0.7449572,-0.28916553,0.21171178,1.5949075,-1.4370074,1.0051192,1.5635667,-0.41715237,-0.5390591
85,-0.31230956,-0.22100814,0.0,0.0,0.85443616,0.5446761,-1.4656637,1.0,1.0,-1.4572971,0.47863692,1.1303267,-0.9884031,-0.7889133,-0.34642938,-0.11553925,-0.72950315,0.093330175,0.8639268,1.0637673,0.725968,1.0005336,0.061060376,0.0069246264,-0.8329988,0.22785291,1.0024917
86,-0.22210039,-1.1830566,1.0,0.0,-1.0027726,0.103465706,0.5634603,0.0,0.0,1.6422336,0.07529415,0.47358987,-0.028416568,-0.59719294,1.6941606,-0.19353504,-0.07394888,0.03139859,0.10741361,0.20967636,0.75969714,1.181165,-0.21309216,-1.3174355,0.09096167,0.45534754,0.15572686
87,0.037435807,0.3546467,1.0,1.0,-1.6008348,1.475992,-0.84229314,0.0,1.0,0.50854087,0.5093361,-0.645345,0.7093442,1.6283507,-0.7603437,0.13105035,-1.7339832,0.87320536,-0.9050638,0.29170385,-0.06626899,1.0214914,1.4082704,0.44240606,1.466305,-0.3185331,-1.3779474
88,0.7703001,0.9235312,1.0,0.0,-0.36773264,0.33218506,1.0611167,1.0,1.0,-0.27497685,0.7224138,-0.7705557,-0.5755685,-0.43945187,0.80184466,-0.19366354,0.4557986,-1.5954517,1.48671,-1.5011417,-1.37196,0.3273137,-0.78907466,-1.4570237,-0.07357823,1.615026,-1.6535122
89,1.1476327,0.99885345,1.0,1.0,-0.12733668,-0.050922353,0.6066351,0.0,1.0,0.084658735,0.8386024,-1.189197,0.47866696,1.483117,0.58907276,0.9948188,-0.9728833,0.5274084,-0.32968485,0.4967717,-0.6540266,0.74083614,-1.0702038,-0.3597553,0.25565267,-1.6233927,1.0009075
90,0.267977,-0.58677226,0.0,0.0,-0.44202194,-0.9659117,-0.63396573,0.0,0.0,-0.27723944,0.37167853,-1.11438,-0.61015654,0.45583075,0.9328893,1.0786599,0.122172296,-0.6056876,-0.50287336,-0.48366734,-0.5101365,-0.6909688,1.5422037,-1.0551103,1.3537598,-0.70217925,0.9987102
91,-1.7136041,-1.3485278,0.0,0.0,0.39419636,-1.1795961,1.4302226,0.0,1.0,0.14010377,-0.570556,-1.2871987,1.4446293,-1.2604407,-1.722131,1.0779421,0.52701294,1.5351701,1.5713247,-1.3883029,1.2698852,0.82032806,0.6355999,-0.53254354,-1.2758987,0.6323632,-1.3607206
92,1.158892,1.9274591,0.0,0.0,1.1461304,0.86334485,1.5977952,1.0,0.0,-1.0746628,-0.0315214,-1.66062,-0.14422837,-0.33408624,1.1531236,1.5201045,0.3773525,1.5712867,-0.50951505,1.4829403,0.15154967,-1.5649261,1.3043491,-1.6764085,0.9153017,-1.064395,1.652688
93,-2.1181376,-1.8979521,0.0,1.0,0.73212856,-1.2951857,1.214076,0.0,0.0,1.4618629,1.0169263,1.1228391,-0.2043705,-1.1994863,-1.0891262,0.71486425,0.5347329,1.22747,0.48337767,1.7091784,0.06425547,1.4329993,0.04095555,0.5846369,1.5136578,-0.7996782,-0.75035846
94,-0.57536125,0.009142111,1.0,0.0,-0.47229862,1.2151849,-0.47383624,0.0,1.0,-0.61467534,0.39114818,-1.6117172,0.55824256,-0.74422634,1.0321724,0.7388974,1.559404,0.28266093,-0.6912914,0.19074993,0.69930965,-0.28390217,0.61504275,1.6877282,0.6724647,-1.2134416,0.5198046
95,0.20598908,-0.082905285,1.0,0.0,-0.9647803,0.3711318,0.04262555,1.0,1.0,0.3127676,0.5130207,0.7387438,-0.2204583,1.6428831,1.3422729,-1.41853,-1.1050929,-0.88404477,-0.87359035,-1.6143475,-0.0045310934,-1.5396912,-0.031686865,-0.5100046,-1.2574117,-0.8957038,0.7814266
96,1.3327402,1.4140003,1.0,0.0,0.580533,-0.11377291,-0.2684486,1.0,1.0,-0.36375833,-1.3458347,0.47785664,-0.7161334,0.51908165,0.12480894,-1.6044955,-0.47334096,0.6670201,-0.1201813,1.6389489,-1.524551,0.5111643,-0.08177335,-1.6215932,-1.2282779,0.08857643,1.2164903
97,1.7664775,1.4804218,1.0,1.0,1.14946,-0.30038786,0.21924679,1.0,0.0,1.1908708,-0.12521994,1.1627828,1.0769325,-1.1670383,1.5767124,-1.3544428,0.107665524,0.29548165,0.5972698,-0.26581866,-1.4961782,1.4275999,-0.06710207,0.9099674,0.77045864,1.3587736,-1.0506784
98,0.22492464,-0.26739419,1.0,1.0,1.3441117,-0.5405,-1.5176575,0.0,1.0,-1.0230792,-1.1459454,1.2177728,1.5437374,-0.5115095,0.38153452,-0.17584437,0.7258444,1.3538021,-0.054192245,1.2975312,-0.1884988,0.09440453,-1.4656061,0.58202946,0.2967953,-0.5349487,-0.3462288
99,-0.6557979,-0.80808705,0.0,1.0,-1.2931709,0.2931589,0.1657434,1.0,0.0,-1.5956796,-1.6311073,-1.1950719,0.45015377,0.6422576,-1.0588355,0.35453892,-1.721648,-0.17852497,-0.598474,1.4190881,0.91854537,-1.4381292,-1.3305953,-1.536341,0.85955876,-0.27738327,-1.4592531
100,-0.8249837,-1.2254027,1.0,1.0,0.595605,1.2544905,0.6767599,1.0,0.0,0.6099309,-1.0907176,-1.2198007,-1.6820194,1.6411257,-0.93248284,1.0184025,-0.3208179,-1.0797124,-0.15795095,-0.8372434,-0.21911834,0.24262507,-0.4073778,0.46292987,-0.25963846,-1.5010012,1.5918244
101,0.48764712,0.15981653,0.0,1.0,-1.344848,1.0642221,0.46618122,0.0,1.0,-0.27548623,0.7706995,1.7573014,-0.16283442,1.5735945,1.3005743,-0.4386697,-0.23514539,-1.2839369,-0.3438155,-0.46745938,-0.04121424,1.2432871,1.6484438,0.7795566,0.6093288,1.349019,0.74542135
102,-1.0562551,-1.3949968,0.0,1.0,-1.3830181,0.2662615,1.6260353,1.0,1.0,0.7676964,1.2254705,-0.5432698,-1.6858317,0.6793313,1.3393078,-0.5348395,-1.2873003,-0.13447659,-1.0614276,-0.5245142,-0.43592462,-1.543272,1.1832554,0.6484796,-0.24963805,-1.108669,-1.2558117
103,-0.73397183,-0.9158513,0.0,0.0,-0.19658563,0.23063384,1.5381817,0.0,1.0,-0.1004284,-1.3673564,-0.6045573,-0.48846284,-1.0538499,1.0229243,0.7827602,-0.85418606,0.25980532,0.023209805,0.2919328,0.55282784,-1.6430454,-0.2081558,1.0981411,1.5073884,-0.035835467,0.46178454
104,-1.1229327,-1.2511462,0.0,0.0,-0.024763541,-0.641286,1.5145043,0.0,1.0,-0.16171671,1.3473928,0.6102286,1.2348195,1.20389,0.61560726,1.1190995,0.39382607,1.1757703,-0.13336346,0.7452071,-0.84446025,-1.0693733,0.82178485,0.8082848,-1.0682096,-0.91735697,1.6325372
105,1.5705245,1.6262249,1.0,0.0,1.573875,1.4724747,-1.7430137,1.0,0.0,0.12421691,-1.5816243,0.45184213,-1.5487652,-0.21934119,1.6233206,-1.3262767,0.10926378,-0.37509447,1.4220442,-1.5007236,-0.7105957,0.753416,0.6286693,1.6995,0.5171559,-1.0729451,1.0366182
106,0.33957332,-0.20847067,1.0,1.0,1.4146856,-1.0600051,-1.4138908,0.0,1.0,1.4093888,0.99314827,-0.39064696,-1.6407515,-0.03801098,-0.086550035,1.0859668,-0.96326864,0.37212256,-0.32943636,-0.30364785,-0.7331449,0.020144094,0.9641375,0.43698555,-1.6738943,-1.4637496,-1.4059016
107,2.0361273,2.1754832,0.0,0.0,0.8666986,0.17420068,0.94382995,0.0,1.0,-0.4457339,1.3931441,0.45831287,0.5738652,1.3163538,-0.19685906,-0.75523937,1.5475553,0.030138295,-1.3961667,0.43987125,-0.42290348,0.49627692,-0.17557095,-0.24569471,-0.3089989,0.29844615,-0.44098604
108,-0.027955243,-0.8269178,1.0,0.0,-1.4216276,1.5157099,-1.2002401,1.0,0.0,0.9811888,-1.6538641,0.70852834,0.86947703,-1.569041,-1.5360624,-0.35159427,1.5928469,0.1996994,-0.33260074,-1.6978054,0.64209133,0.44417998,0.96999395,-0.49856567,1.1769457,0.80191624,0.1534571
109,0.651578,0.67604756,0.0,1.0,0.3746972,-0.33724722,-0.8479436,1.0,1.0,-0.45525914,-1.646901,1.1753565,-0.11324519,1.2105447,-1.7340539,1.4710888,-0.9236761,-0.9588696,1.2780727,0.51130855,0.5797607,0.17365019,0.17804186,-1.145716,1.066041,1.3460056,-0.030026693
110,0.7348827,0.77041304,1.0,1.0,-0.598187,1.2033837,-0.33581027,1.0,1.0,-0.4109818,1.2689359,-1.0473405,1.4181058,1.3435323,-1.2241845,1.6717265,1.683815,-1.5947355,1.5926145,1.5193326,0.42350602,0.28876644,-1.4660174,0.7332782,0.15684167,-0.34931576,1.2108963
111,0.58731705,-0.43195796,0.0,0.0,0.11254746,0.66914064,1.2620739,0.0,1.0,1.5535415,-0.7277031,-0.6741951,0.40135336,1.264134,0.96077603,-0.13791235,0.494886,0.14603318,-1.5645022,-1.4077654,1.3605148,-0.9489505,0.5606023,0.7388042,0.9608088,-0.31866127,-0.2728063
112,0.5897991,0.4399202,0.0,1.0,1.3185922,-1.2563095,-0.15028888,1.0,0.0,-0.7292884,0.8559065,-1.0198916,-0.74921983,-0.14080802,-0.12456868,-0.889686,0.08197904,0.9260355,-0.3514676,0.18776976,0.9572126,1.4061103,-0.31287938,1.5312021,-1.4373162,1.0968267,-0.04484934
113,-0.3027828,0.17606455,0.0,1.0,-0.46570158,1.6094792,0.011984534,0.0,0.0,1.3202655,1.0178474,-1.3401611,1.5990427,-1.1881031,1.6072373,0.7412309,-1.5114253,0.93544036,1.3989017,-0.006444286,-0.10974066,1.6415427,0.9562327,0.84747046,0.87997895,1.7060485,1.0885289
114,-0.65292066,-0.4549701,0.0,0.0,1.0036362,-1.1187072,0.38897434,1.0,0.0,-1.3785613,1.3627017,1.0011652,0.802645,0.14026152,1.2592534,-0.87918687,1.388525,-0.565332,-1.1840143,0.726056,0.6974589,1.3448747,1.5741615,-1.1256814,-1.2478218,-1.2162488,0.113154955
115,0.63066477,0.41348404,1.0,1.0,-0.21408533,1.2870045,0.7682063,0.0,0.0,1.1954209,0.24190152,1.1707376,0.5901378,0.6393091,0.28832328,0.46301374,1.6940747,0.06451628,-0.12591106,-0.061106745,1.0331659,1.2633455,-0.23815866,-0.40925422,-1.0717207,0.37759793,-0.25058818
116,-0.27977502,-0.5199253,0.0,0.0,0.23113145,1.4116684,-1.711513,0.0,1.0,-1.3669771,0.4947978,0.111566246,0.46234405,-0.15628867,-1.0399461,-1.435957,-0.6878619,1.7131871,-0.21756001,-1.0692465,-1.509717,0.17490162,1.0360593,-0.45874968,1.1383587,-0.9817948,1.6468384
117,0.7782534,0.9065615,1.0,0.0,0.30145642,1.2581902,1.273509,0.0,1.0,0.8550311,0.18385878,-0.4759633,0.39180607,-0.19759147,-0.09976006,-1.675588,0.9099791,0.13320774,-1.152682,1.2428862,-1.3931425,-1.5504261,-1.5709251,1.5359985,1.1079462,-0.4315824,-0.2980867
118,-0.36027837,-0.29252526,1.0,0.0,-0.38865182,-1.4510766,-0.8862723,1.0,1.0,-0.7229793,0.66780484,0.9442109,-1.0498099,1.0840759,0.5700695,1.3762531,0.21800013,-0.04412907,1.2288529,1.0776753,0.7435851,1.0389074,-0.34284166,1.0552137,-1.2205437,1.5073656,-0.92432654
119,0.6218897,0.98099047,0.0,1.0,0.033616733,0.420887,0.14747998,0.0,1.0,-1.0123433,0.30042252,1.2860929,0.62705284,1.538559,-0.54963094,0.7314236,-1.3026041,1.5387678,0.56801844,-0.4278153,-0.30096886,-0.16082023,-1.0089964,1.370011,-0.22722003,1.6008171,-1.2147919
120,-1.6291419,-1.5659797,1.0,1.0,-1.47901,-0.72330886,1.6895654,1.0,0.0,0.4175197,1.009295,-1.262124,1.0649831,0.72264475,-0.49329442,1.510768,0.8018878,-0.32408977,-1.5299048,-1.2792841,1.3257385,-0.1696492,-0.5833854,-0.8901553,0.39389068,-0.024700962,0.49094418
121,-1.0379144,-0.6402078,1.0,1.0,-0.49921456,-1.4866347,1.151902,1.0,1.0,-0.85184795,0.76816046,-1.6298354,0.35139725,-0.28448626,-1.2896364,-1.1374738,0.19466512,1.1393183,-0.6919779,-0.94000775,1.7076892,1.4304004,-0.5915793,0.5519448,1.3738056,1.1244192,1.2268013
122,-0.47640273,-0.30035812,0.0,0.0,-1.2520043,0.1961568,-0.8032694,1.0,0.0,-0.3105665,-0.7946344,0.20669845,-1.2117562,-1.5538714,-0.47771272,1.0763298,1.7095875,-1.6037198,0.26948646,-0.30023462,-1.3754265,-0.4425001,-0.48378164,0.014577703,-1.2209245,-0.76445943,0.91469324
123,0.75969666,0.42375588,0.0,0.0,0.09421367,1.096726,1.4281929,0.0,1.0,0.35023153,-1.4627177,-1.129916,0.81960547,-0.048965935,0.51592654,-1.064421,0.2891061,1.0837197,1.5499045,1.1072577,1.1359893,0.7691117,-0.4125364,-0.93122184,-0.14265522,0.06600823,-1.0354208
124,1.0568651,0.6100233,0.0,1.0,0.6282334,0.78437465,-0.43760195,1.0,0.0,-0.12616153,-1.373168,0.33437794,1.087742,-0.112103485,0.85862297,-1.0462252,-0.05463748,-0.91158885,-0.5106824,-1.306654,1.0173137,-1.6945976,0.14595483,-1.5228217,-0.095227756,-1.2213776,1.2381616
125,-0.76571506,-0.99725914,1.0,0.0,0.114657685,-0.41392678,-1.4163504,0.0,1.0,-1.2043337,-0.32058173,1.226807,0.87316895,0.39200565,-1.0302011,-0.123983264,0.80568,-0.48184258,-0.5208617,1.1453196,0.569305,-1.6760211,-1.5569587,1.7140285,-0.7298503,1.1814182,1.1975604
126,1.7338188,1.9133717,0.0,1.0,0.70358115,-0.4438158,-0.001474924,1.0,1.0,-0.84352994,-0.10969189,-1.5100211,-0.8663302,-1.5632321,0.25328365,1.1550298,0.4420534,-1.7473599,-0.5390871,0.16795902,0.54536694,-0.7258962,-0.24010772,0.040774826,-0.064641684,0.8751541,0.86124605
127,0.38598374,0.0046972064,1.0,1.0,0.77237046,0.5099364,-0.5473173,1.0,1.0,1.6785285,1.656296,-1.5180345,0.06514052,-0.47939456,-0.84116906,0.6061329,0.5448628,-1.2922665,-0.12685591,0.26011264,-0.11753491,-0.9479171,0.0819253,1.1227986,0.2407634,-1.6945584,1.2445774
128,-0.56312114,-0.17129214,1.0,0.0,-1.0117812,-0.6936788,1.044218,1.0,1.0,0.16447723,-1.3131013,1.5658673,-1.577222,0.41730767,1.6863011,-0.049828764,0.68857294,0.62599957,0.040708937,0.26438648,1.2868915,0.9357439,0.9638054,-1.6682574,0.37858278,-0.01583058,-0.43919677
129,0.5371842,-0.13903677,1.0,1.0,1.4040577,0.2412387,0.8569958,1.0,0.0,-0.028373629,0.2417204,0.23571451,-0.24021125,-1.5281385,-1.2417551,0.8933844,-0.55763096,-1.4601579,-0.007819682,-1.2090389,-0.21123137,1.4309088,-0.7354439,0.67901236,-0.6224349,-0.3052443,0.4341443
130,0.5914431,0.47534037,0.0,1.0,-0.1431882,-1.1742923,-1.4557217,1.0,0.0,-1.5090213,-0.21173085,1.2619585,1.3881557,-1.5745691,1.3543926,0.69329864,-0.96979225,1.1020254,0.09233969,-1.1014738,0.77839494,-1.3547057,-0.1336945,-1.0575534,1.2625716,-0.43195492,0.81726265
131,-0.22924875,-0.6389009,0.0,1.0,1.2634611,0.6784666,-1.6350042,0.0,0.0,0.7151183,0.7380586,-0.26929003,1.5627397,1.0865549,-1.6877457,-0.556606,0.5682361,-0.17445354,-1.1000131,0.32934463,0.33032957,1.5193484,1.183278,-0.62723553,-0.031067712,1.4355272,-0.59965515
132,-0.8696171,-0.7321471,1.0,0.0,-0.29596886,0.84525585,-0.8709157,0.0,1.0,0.16343576,-1.3701675,1.4325361,-0.46972764,-1.4089096,-0.3787163,1.4513454,-1.4110076,-0.44857496,-0.71297705,0.47731006,-0.98981184,0.17948204,1.6007091,-0.732553,-1.5203338,-1.6360679,-0.53106046
133,0.64629346,0.7063952,1.0,0.0,-0.33921844,0.79671085,0.15752092,0.0,1.0,0.22198023,-0.027725874,0.6287032,1.5170478,1.5950297,0.04326444,1.2176176,-1.3790448,0.3790248,0.65990096,-0.9975264,-0.5184541,0.18396232,-0.56603587,1.5495003,0.87652844,-0.5383565,-0.1761938
134,-0.13437271,-0.20102546,1.0,1.0,-0.3071315,-1.251468,-1.808782,1.0,1.0,1.6394519,0.4897366,-0.6822416,1.4741563,-0.67728823,-0.86690414,-1.0512953,-0.8043012,0.07475318,0.16068387,0.16927785,-1.1517687,1.0255083,0.9227678,0.69019127,-1.5401585,-1.18503,-0.8671567
135,-0.69344515,-1.2368765,0.0,0.0,-1.3508404,-1.4537075,1.6806552,1.0,1.0,0.79380727,0.63185585,1.1299092,0.50279254,-1.0435673,-1.0872074,1.636412,1.0583534,-1.3453283,0.11034606,1.6775264,-1.1630353,0.24259627,-0.35864133,-0.24015829,-0.1944186,-0.22560431,-1.6343377
136,-0.7591568,-1.146898,1.0,0.0,-0.3075173,-1.633752,0.055513773,0.0,0.0,1.4587835,1.0267975,-1.290096,-1.1915649,-0.6180324,1.2373209,-1.2656289,-1.1017959,0.3668581,-1.1739872,-0.32703644,0.6984188,-0.15041256,0.38903233,-1.5294541,-0.70363265,1.0876448,-0.4277604
137,-0.78948414,-1.0797473,0.0,1.0,0.0017462404,-0.2079504,1.6960956,0.0,0.0,0.5148397,-1.0712901,-0.3012453,0.5513089,0.7605283,-0.26391444,-0.2109186,-1.7284305,0.573132,1.3768606,-0.87518054,0.23243411,1.4865217,1.1836874,0.63614196,1.4581473,-0.20505653,-0.057399537
138,0.14673272,0.5830063,0.0,1.0,-0.15498117,-0.7709257,-1.5302662,0.0,1.0,-0.52909225,-1.2343862,-0.06037407,-0.18243915,-1.271246,0.4049311,1.2114086,-1.3715026,0.4423094,1.3129925,-0.30980128,1.1235942,0.23012301,0.057231013,1.5097138,0.39273545,0.0151322475,0.68664545
139,-0.17485328,-0.4577194,0.0,1.0,-0.5349304,1.5894945,-0.5472672,0.0,0.0,-1.0850066,1.4703381,1.4724201,1.2788328,0.39746374,0.003430034,0.3875423,1.7163016,-1.6612583,-0.18651642,1.4654942,0.1218351,1.041864,1.4986386,-0.8582993,0.28519097,-1.0849166,-1.5352792
140,-0.47607687,-0.25587806,1.0,0.0,-0.12678276,-1.2990634,-0.88534635,0.0,0.0,-0.44538277,0.6827219,0.42209086,-1.6805118,1.0058109,0.15454954,-1.2660905,1.3196281,1.5117967,-1.4102395,-0.06180245,0.79552907,-0.5283183,-0.40312824,-1.1251652,-1.4042567,-0.7493144,0.1640539
141,0.54057366,0.94478893,0.0,0.0,1.6539276,0.13055794,-0.31609744,1.0,1.0,0.11555726,-0.028955298,-0.72660977,-0.054338563,-0.050376944,0.043567117,1.3512454,1.4055467,-0.44765413,-0.5724456,1.2177702,-0.23487829,-1.2738343,0.30293033,-1.4366485,0.813814,-0.25611734,-0.16198532
142,0.29047918,-0.08055972,1.0,1.0,1.014989,0.37818578,-0.9801411,0.0,1.0,-1.4594487,0.42798612,-1.3961977,-1.0256839,1.3519001,-0.06324558,-1.3915285,-0.118128546,0.8670541,1.0460359,-0.53186375,0.28375253,-1.3502262,1.0765268,-1.1300772,-1.3346506,-0.8438198,-0.77805376
143,1.3120918,1.0851816,0.0,0.0,1.1578412,-0.3674482,0.9813916,1.0,0.0,0.7305304,1.1523656,-0.0060440167,0.6797878,-0.36081377,1.519055,0.70504785,-0.7126045,1.4539018,-1.294052,1.4577975,-0.34296334,-1.2656345,1.7130731,1.5295075,-1.1238008,1.730819,1.3444527
144,0.43459216,-0.5350424,1.0,0.0,1.6082335,0.21012342,-1.8182263,0.0,0.0,1.4847287,-0.60788983,1.3331538,-1.2874135,0.7275372,-0.9179173,-0.19173034,-1.0604719,-0.8614276,-1.5488653,-1.0744189,1.3089435,-0.013015844,1.3774656,-1.0817561,1.2854086,1.4797423,0.6218763
145,0.47891802,0.30179462,1.0,0.0,1.3111167,0.46038055,0.042807493,0.0,1.0,0.92553645,-1.5280578,-1.1202934,1.0848948,-0.9375125,0.8421184,0.33252588,-0.56825966,-0.49489966,-0.51652664,-0.019886458,1.3526872,0.9879327,-1.4692272,0.100881025,0.57288754,-1.3192579,-0.849331
146,-0.52480125,-0.21138635,0.0,1.0,0.32359925,1.644208,-1.4027219,1.0,1.0,-0.37752855,-1.6592731,-1.4226737,1.6753235,1.0297469,0.32760817,0.9193671,0.68241763,0.3990486,-1.4322212,1.4351388,-1.121685,-0.823645,-0.88842756,-1.0722783,-1.673005,0.6038333,0.028159846
147,0.402706,-0.013219106,1.0,0.0,-1.3199532,-0.51602715,-1.264025,0.0,0.0,-0.5065168,1.6079679,1.2559425,-0.845466,0.71857893,1.1256039,-1.2164171,0.17779705,0.39192513,-1.5480057,-0.97742,-1.1138421,-1.2990987,-0.44818044,-1.415452,-1.2479086,0.8491731,0.29510987
148,0.15811434,0.31249258,1.0,1.0,1.476905,1.0053438,0.21705607,1.0,0.0,1.1432483,0.10443727,-0.48030475,-0.99049705,1.4471611,0.7705181,0.29835036,1.1229626,-1.2891037,-0.28922802,1.6098543,1.0584855,-1.1048733,-0.39927053,-1.0295582,1.2458279,-1.1552062,-1.1901474
149,1.8216058,2.1680813,0.0,0.0,1.4987016,-0.8374406,-1.7249683,1.0,1.0,0.3438126,-0.86561435,0.6333854,1.2524811,-0.944359,-0.007603786,1.3792868,-1.0879682,-0.027717842,-0.93163645,-0.3410734,-0.05291534,-0.85166305,0.14159006,-0.16428104,-0.22031473,-0.07667617,0.21028244
150,0.29619136,0.45437908,1.0,1.0,0.054736946,0.35308743,-0.7384144,1.0,0.0,-1.7445765,0.7133782,1.1436119,-1.5961943,0.030838447,-0.014815325,-0.11383204,-0.19533889,0.7658636,-0.37149826,-0.7305087,1.6557677,1.0443856,-1.495596,1.3148046,-1.6936041,-0.36278558,-0.1958582
151,0.8474713,0.65493804,1.0,0.0,0.9213159,-0.6463659,0.21892461,1.0,0.0,1.1813133,-0.9442932,-0.52094555,0.2853132,-1.4374411,0.5943868,0.9218725,0.09414814,-0.10283488,-0.08252322,-1.2036836,0.8450534,1.2423307,-0.9971159,1.0382082,-1.6316669,-0.9293264,1.5537246
152,-0.84377015,-0.7434462,0.0,1.0,-1.6458741,-1.5269284,-0.17413527,0.0,0.0,-1.5332723,0.9053142,-1.6008219,-1.3030527,-0.45573935,0.5920508,0.8566643,-1.186423,0.32597804,0.6844847,1.6427778,-1.4807351,-0.51014066,-0.25929856,-0.7310667,-1.228559,-1.3694931,1.658305
153,0.7367169,0.43997636,0.0,1.0,1.274273,-0.44400325,-0.48074245,0.0,1.0,-0.94869906,0.6422684,1.4607211,0.96005386,1.6559502,0.4498115,1.5817863,1.4285892,-1.6492401,0.008633109,-1.3447106,-1.0814459,-1.7114234,-0.5478862,0.78604007,0.7294336,1.374203,0.88605136
154,0.6346829,0.45047185,0.0,0.0,1.5659443,1.3147705,0.2638525,0.0,0.0,-1.7354151,0.6490401,1.0846764,1.6790485,-0.34094682,0.5229056,0.27162036,1.5458561,-0.3269638,-1.3296328,-0.84302,-1.5707084,0.30894366,-0.01999561,-1.4369698,1.1862415,0.9160122,-1.2640097
155,0.69216985,1.740838,1.0,1.0,-0.32310432,1.4413099,-1.1203642,1.0,0.0,1.2378525,-0.056973595,-0.009213646,-1.5066649,0.46273854,0.25022098,-1.1257088,-0.28961718,0.7238802,0.3344379,-0.6216647,1.3779198,1.5066196,-1.6417154,-1.6794142,-0.3636007,-1.6972513,0.83969414
156,0.27394155,0.050589997,0.0,1.0,0.75494593,-0.18163957,1.3885877,0.0,0.0,-0.96809936,-0.16824214,0.1268127,-0.9099269,-0.24843419,-1.6353164,0.34863335,0.014856657,0.5742447,-0.9859758,0.8374834,-0.17304988,-0.5566771,-0.72368526,0.7782188,1.4672502,0.91125673,0.85687727
157,-0.34014446,-0.6416572,1.0,1.0,1.4595393,-0.18805781,-1.1848109,0.0,1.0,-1.4573047,1.6573825,-0.8387094,1.2421857,-0.18156877,0.77349734,-0.6281511,-1.5159931,1.1373687,0.92869633,-1.1188915,0.2165892,1.6060549,1.3221146,-1.0063512,-0.6333858,0.0038946215,-0.87736005
158,1.7771118,1.845172,1.0,1.0,1.0790834,-0.18368645,0.30030873,0.0,1.0,1.2878053,-0.5575464,1.1890804,0.32746345,-0.6846103,-0.3335142,0.026211636,-1.0484142,-1.6960927,-1.6714606,-0.88726807,0.5245966,0.5284178,1.6841497,-0.991834,-0.80262274,1.6544586,1.1065111
159,0.42225873,0.544332,0.0,1.0,0.2193791,1.0295383,0.12935986,0.0,0.0,0.6479478,0.29675955,0.31908458,-1.6253631,1.5982853,1.2608203,-0.7785657,1.1965332,1.4418094,-1.4760147,-0.25064552,0.4577227,1.5231665,1.3080916,-1.6822473,-1.3361079,-1.347189,0.9891704
160,-1.8760189,-1.544423,0.0,0.0,-1.1302502,-0.3697064,0.9652113,1.0,0.0,0.40854138,0.165868,-1.4347206,0.64645964,0.91654086,0.51692104,-0.07652937,0.5624095,0.8746592,0.8392076,1.3466557,-1.072921,0.26763564,-1.2699541,1.5228974,-1.5128211,0.8113014,0.20083031
161,0.9125331,0.5786614,1.0,1.0,0.103024065,-0.38601243,0.75923526,0.0,1.0,-1.4103283,1.0250918,-0.36212584,-0.21837951,0.061901186,0.33320662,-0.9737679,0.43695074,-0.6893618,-1.1015017,1.1620297,0.8320558,-0.9138626,-1.5535636,0.30310014,-0.13943048,-0.50952536,-1.67796
162,0.96550703,0.5021207,0.0,0.0,-1.4658303,-1.6545055,-0.7035522,1.0,0.0,1.3852711,0.6400103,-1.6137326,1.4963002,-0.29846737,0.5083859,-1.6501299,1.177497,-0.12893464,-0.57899547,0.85109514,-1.7062609,-1.7061112,1.2233468,1.1931804,-0.061493717,-0.47333115,-0.07735954
163,-1.4779835,-1.9075565,0.0,0.0,-1.0331815,0.30189177,1.2744533,1.0,1.0,0.464969,-0.19117264,-1.3197552,-0.5520158,0.79652894,-0.18212137,-1.3133848,-1.008838,1.5912304,0.6192438,-1.0531764,-1.1108999,-0.6972813,-1.030642,-0.3028519,0.4147964,1.1920615,-0.6033723
164,1.5009141,1.8292879,0.0,1.0,0.83108073,0.4874765,-0.45901698,0.0,0.0,1.6573824,-1.0740417,-1.4963226,-1.1092848,0.74541533,-0.903218,0.5734274,-0.89971715,-0.8057107,-1.286474,-0.6257799,0.7086832,-0.9677181,-0.70191365,0.39584208,0.99336815,-1.1417466,0.25549287
165,1.1881596,1.6607834,1.0,0.0,1.308777,0.011656199,0.6890205,0.0,1.0,-0.88531166,0.55394775,0.75072443,0.3026064,-1.4632562,0.32906502,-0.2631147,-1.0281763,-0.3604741,0.91841364,0.7618197,-1.2889024,-0.8141335,0.88382393,-0.6826635,-0.8139763,-0.24564812,-1.2364631
166,-0.6320162,-0.96483004,1.0,0.0,-0.4079367,-1.1357211,-0.80548644,1.0,0.0,1.7071828,-0.46344858,-1.4622602,-0.42502767,0.28457582,-0.4118619,0.4980784,-0.4193246,0.28691545,-1.0497798,1.5133603,-0.22800365,0.047608964,-1.2668551,-1.2894057,-0.20037715,-1.4995795,-0.7389528
167,0.2647108,0.040268306,1.0,0.0,1.2473837,-0.82944167,-1.2180415,0.0,1.0,-0.85304374,0.016913863,0.52167934,-0.87153697,-0.66479516,-1.1512514,-0.44890308,-0.3046367,-0.09015308,1.2039058,-1.2319089,-1.2756679,0.99584734,0.07423596,-0.89038396,-0.9741003,0.7583994,-0.87379676
168,1.0319439,1.0206759,0.0,1.0,1.0705011,-0.9252255,-0.112712696,1.0,1.0,0.80733365,-1.2832943,0.41432068,-0.41539943,1.6131599,0.1961993,-0.97548383,1.0032644,1.4142274,1.0722677,-0.1928862,-1.316305,0.92188346,1.6244142,1.0809942,0.90979165,-0.47998875,0.5054788
169,-0.36447543,-0.7858502,1.0,0.0,-0.5876782,-1.705774,0.9743681,0.0,0.0,-0.0070442623,-1.1767159,0.7886092,0.27350459,-0.974617,1.3507129,1.4036496,1.3461207,0.0923905,0.75814736,1.3512722,0.48840725,0.5843124,0.88529223,-1.640844,-1.3183402,1.6114942,-0.3087063
170,1.0331811,0.81438667,1.0,0.0,-1.5663801,0.49439037,0.4934038,0.0,1.0,1.6004573,0.12832743,1.4300404,-0.43925136,-1.2869784,1.5500996,-0.8415337,0.31857795,0.8024404,-0.4437362,-1.4172192,0.01837276,-1.2452214,-1.0459645,-0.14596923,0.08531027,-1.4719739,0.662888
171,-0.46012035,-0.047787532,0.0,1.0,-1.7189598,0.4355021,-1.0636166,1.0,0.0,-1.1603299,-1.1498398,0.6585094,-0.80625564,1.5825307,-0.5769889,-0.4938629,1.2906276,-0.64340234,0.716974,0.5896969,-1.598903,1.5575343,0.8728944,-0.7473003,-0.8183601,-1.152952,0.1506019
172,-0.353098,-0.8904985,0.0,1.0,0.6868479,0.71847063,-1.0667728,0.0,1.0,-0.33852473,-1.4823471,-1.6537297,0.51107514,-0.9883317,-0.2075901,0.0057482794,-1.7145687,-1.3039238,0.12172364,-0.94812924,-0.34815222,0.41806275,0.5135193,0.38192168,-0.08369612,0.4561872,-0.40535182
173,-0.70193523,-0.53998506,1.0,1.0,0.55684996,1.3597326,-0.90207857,1.0,0.0,1.4649608,0.5343168,1.6963717,-0.08325331,0.03177942,0.9068347,0.85109866,-0.49776867,-1.6618235,1.0863975,0.39052233,-1.3278567,0.7737784,1.1097231,-0.73146594,1.3102597,-1.1933984,1.1861209
174,1.3135816,1.8316158,1.0,1.0,1.1722302,-0.3415791,0.6576302,0.0,1.0,-1.1638957,0.7798488,0.07694403,-0.32635808,-0.41572592,1.5621276,-0.35737216,1.3412308,1.360435,-0.91035634,-1.0866807,-1.5919933,0.9574488,0.92876977,-0.5430487,-0.9988297,-1.5612122,-1.5702947
175,-0.6275484,-1.1003524,1.0,0.0,-1.7247286,1.0666614,-1.7997684,0.0,1.0,-0.58333725,-1.4537824,0.26541024,1.5703949,-1.6296024,-0.25881645,-1.758445,-0.5599301,-1.3807297,0.95710677,-0.25785586,-1.1512494,1.5348334,-0.9152141,0.671175,-0.14247711,0.5276769,1.2388363
176,-0.11148645,0.3693069,0.0,1.0,1.2838036,-0.53413475,-1.230025,1.0,0.0,-1.6997274,1.2703586,-0.43600565,-0.53272617,-0.48686567,0.31121853,-0.45655695,-0.40569374,-1.4346184,1.285465,-0.2971111,1.3234576,-1.0683267,0.1282318,0.7965373,-0.9049822,1.6053479,0.1987673
177,-0.978753,-0.97672576,0.0,0.0,-1.0975598,-1.0012869,0.12541556,0.0,0.0,-0.40145233,-1.6080309,0.5220817,1.3532678,0.45422617,0.12861808,0.3958391,-0.12234346,0.4666179,1.66602,1.4047064,-0.3293681,0.55768067,-0.4476396,-0.5771788,0.3905242,0.4297922,-1.397785
178,-0.7813441,-1.0164884,0.0,1.0,0.36806586,0.04192842,-1.6308756,1.0,0.0,-0.7174555,-1.1071153,-0.30239743,0.27679822,-0.82612514,-1.1085882,0.14284804,0.34408918,0.03793149,1.5505744,1.6185954,-1.3080502,1.6024965,-0.21498255,0.7517808,-0.002718968,1.6252267,-1.2700129
179,0.8052169,1.1867572,1.0,0.0,-0.1778478,-0.56471235,0.49627042,1.0,1.0,1.6084709,-1.5462176,0.9208241,1.5167524,-0.21696539,1.6772093,0.045255084,-0.64065856,0.9668252,1.1399395,0.29079214,-0.46597052,0.022251649,-1.4153191,-1.3729943,-1.102912,-0.7824599,-0.9877996
180,0.8113808,0.843451,1.0,1.0,-1.1147859,0.3959245,0.7178562,0.0,0.0,-0.86970794,1.6463993,0.19858547,0.29557532,-1.5505102,1.1521404,-0.068722785,0.2559202,1.3299605,-0.60595894,-1.4488778,-1.1665971,-1.0792168,-0.8581185,1.5780506,0.16681935,1.0494181,0.9420755
181,-0.44298184,-0.5484577,1.0,1.0,1.1357154,0.45508078,-1.6432037,1.0,0.0,0.8699613,-0.7044279,0.5030062,-1.2686193,-1.0234425,-1.0358496,1.2324239,0.40806222,0.015295491,1.2052596,-0.6676216,0.36211896,-1.646745,-1.3148935,0.014043758,1.4143332,1.5206395,-0.6217379
182,0.9565571,0.7026699,0.0,1.0,-0.08733472,-0.62290967,0.21956086,0.0,1.0,-0.055110663,-0.73741055,-1.2553855,1.1989616,-1.2458231,1.1894555,-1.0562229,0.8604102,1.3272425,-1.5073378,1.0779488,-0.9610683,1.3064052,-0.84759855,-0.93244815,-0.5862226,-0.53871655,0.46798074
183,0.8291629,0.45935637,0.0,1.0,1.527151,0.90001386,-1.4024305,1.0,0.0,-0.797531,-0.07727121,-1.658428,1.3077294,0.45111948,-1.3808782,-1.2657824,-1.4531281,-0.0021375455,-1.0038254,0.8861896,1.5004956,-1.0871974,0.034750495,-1.4940156,-0.5128715,-1.2746044,-1.6011422
184,-1.0694146,-1.312564,0.0,1.0,0.9242721,1.5070343,1.6904898,1.0,0.0,0.26208302,-0.8816999,1.2275795,1.1829156,1.0050005,1.3756844,-0.67278796,0.24729906,0.64647746,0.49797136,0.81268466,0.45404494,-0.06839349,0.6591517,-0.9430773,-1.510074,-0.22329934,-0.4200171
185,0.28060928,0.17449874,1.0,0.0,1.5101471,0.649904,-0.66149455,0.0,0.0,-1.0426414,1.2928522,1.105495,-0.95206237,1.3344427,-1.4282547,-0.019244071,0.6601983,0.046170037,1.4504387,0.8004092,-0.6827035,1.58961,0.9562111,1.0740556,1.1744483,-0.6932298,1.1445947
186,1.0696857,1.4045882,1.0,1.0,-0.8254469,1.1983078,-0.19578488,1.0,0.0,-0.630315,-1.2522161,-0.3263923,-0.7198566,0.33140737,0.3353266,-1.706543,-0.81060433,1.5112127,0.88309014,1.5804378,-0.20025896,0.7180745,-0.7294481,0.8760493,0.5604032,1.4111499,1.5190758
187,-1.035161,-1.14611,0.0,1.0,-1.5820417,0.101031035,1.4413431,1.0,1.0,1.5673997,-0.9071165,-0.15735123,-1.669044,1.0707623,-1.343559,-0.7120222,1.292832,-0.48875624,-1.1523244,0.03617115,1.1485267,-0.48705098,-1.1197912,1.3084265,0.1208526,1.376229,-1.6580013
188,-0.5633012,-0.4351627,1.0,0.0,-0.7603814,0.973398,-0.74619484,1.0,1.0,-1.0371865,1.4689977,-0.71836966,-0.0020529132,0.090486936,0.6932996,-0.99405915,1.1800325,-0.19992888,1.3434982,-0.8021976,1.5103676,0.019437045,-1.264738,0.78765786,-0.36992893,0.3123249,0.24115358
189,-0.18107915,-0.3522827,1.0,0.0,1.3581167,1.5845827,1.1107183,1.0,1.0,-1.7102913,1.0900785,1.4309235,-1.0828238,1.0451115,1.5384973,-0.44088456,1.5790763,0.49424082,1.2812335,-0.870391,-1.0371295,0.6378416,-0.6022569,0.6268219,-1.6495394,0.23269482,1.0326052
190,-0.7567243,-0.5479404,0.0,1.0,0.26845375,1.1352823,-1.206364,1.0,0.0,0.72733355,0.21554227,-0.016618632,-0.9763901,-1.3499532,-0.17446798,1.6384366,-0.8853365,1.368803,1.4752849,-0.74124384,-0.56219137,1.6449258,-0.38547248,0.6113835,-1.593089,-0.6431207,0.82044286
191,-0.4528607,-0.48465505,1.0,1.0,0.35149777,1.596896,1.649573,0.0,0.0,-0.51210713,-0.3330919,-1.7187307,0.71299434,1.0136439,-1.418315,-1.5094328,1.5719471,1.238851,-0.7113299,1.5838847,0.24160655,0.7834742,0.3626843,1.1501061,-0.63162464,0.30839023,-0.2121068
192,0.5533231,1.1109111,1.0,1.0,-1.2531198,-0.65607524,-1.5108051,0.0,0.0,-1.2429773,0.05785695,-1.4128221,-0.69756186,1.3994776,-1.588181,0.54228467,-1.5157497,-1.3306166,1.4574214,0.37782264,0.84692943,-0.30752757,1.1109793,0.86334574,-0.8378725,1.6326277,0.8473426
193,0.28896952,0.40199742,0.0,0.0,1.1490145,0.16365513,-0.99662226,1.0,0.0,0.2310723,-0.03329576,1.1892817,0.98511374,0.26632172,-0.24891877,0.23559014,-0.4437391,0.6750507,0.71202815,1.2285068,-1.6968193,-0.096091114,0.0018629897,-0.33709484,0.78322965,-1.6991177,1.7245158
194,0.7344535,0.0032266036,1.0,1.0,-1.1654645,0.85676897,0.9724544,1.0,1.0,1.711386,0.5783173,0.4434747,-0.15316144,0.4165207,-0.13660915,-1.3432826,1.0016408,0.13049686,-0.7095803,0.46793306,-0.086670876,-0.7372376,-0.6096183,-1.1899546,-0.8896365,-1.1865556,-0.5825599
195,-0.7306418,-0.7841337,1.0,1.0,-0.42037678,-0.38874486,1.43233,0.0,1.0,-1.2722527,0.8183704,-0.5320775,1.6730309,-1.0480577,0.28092998,1.1647797,-1.099638,1.145517,-0.18991591,-0.9879442,-0.58635837,0.54610026,-0.24856353,0.31426576,-1.5848414,-0.61036164,-0.21234873
196,0.86250997,0.66852206,1.0,0.0,0.65460515,-0.72827274,0.520094,0.0,1.0,1.1911893,-1.2927501,1.4962835,-0.68610054,0.13500339,-1.1699344,1.0449358,-1.6651771,0.4139122,0.44477916,-0.3643909,0.17109741,0.057221595,-0.8564302,0.73044336,1.4115883,-0.830981,-1.3538041
197,0.24081784,0.66052604,1.0,0.0,-0.07825306,0.47448233,-1.6447539,1.0,1.0,-1.7682205,0.58679014,0.2890844,-0.8031348,1.3934864,-0.28061908,-0.2554256,-0.09082363,-1.5663397,0.93846124,-0.17181724,1.7283785,0.000921653,-0.45686173,1.2446947,-0.30970258,1.1436813,0.60039335
198,-0.45101178,-0.4422371,1.0,1.0,1.0465351,0.08261838,1.2339201,1.0,1.0,1.1627587,-0.7477933,0.59217954,0.045442805,1.6688622,-0.29465133,-0.121842824,0.1133717,-0.2299032,0.9594544,0.10255806,-0.059814855,-0.6214332,1.2454307,0.90720135,-1.5951117,0.8717851,-0.43090954
199,0.79585135,1.1749486,0.0,1.0,1.2531157,0.6663212,0.12988998,1.0,1.0,0.41133562,-1.1709582,1.6254311,-0.48750442,-0.11948745,-0.76142246,0.5640089,1.4434311,0.8572575,0.6377333,1.6812094,-0.16467817,1.6032851,0.4960172,0.004413693,0.15992078,1.2178526,-1.6600263
200,-0.90828365,-0.581591,0.0,1.0,-0.008742893,-1.6391299,-0.47159463,1.0,0.0,0.927116,-0.9661177,-1.2452085,-0.9795033,0.6493943,0.58179617,-1.107137,-1.1959124,-0.117344245,0.6849384,-0.26483142,-0.40654302,-0.51560956,-0.5754887,0.86597353,-0.5642009,-1.5508335,-0.90712637
201,-0.7731421,-1.0642614,1.0,1.0,1.2193246,1.2424129,0.48915005,0.0,0.0,-0.50226593,1.2232889,0.668082,-0.56459564,-0.18944305,-0.6379942,1.3373579,-0.9496598,-0.77354985,0.04446135,0.26592517,0.20409445,-1.199416,-0.92103285,0.52005005,0.37901533,1.2586359,1.0294929
202,-0.7763044,-0.9103923,1.0,1.0,0.11266851,-1.2093501,-1.2762568,1.0,0.0,0.3671754,1.4921453,-1.249616,0.993777,0.38323,1.3117359,1.0340849,1.4301056,0.7308656,1.600761,-0.89619195,0.6756409,0.4132337,1.2152606,0.62366176,-0.10047728,1.3792845,0.88222635
203,0.89867264,0.91688347,0.0,0.0,0.27646106,-1.0608157,-0.7231574,0.0,0.0,-0.12294721,-0.7060629,1.0754726,1.682349,1.2692717,-1.1771139,1.2358259,-0.6165986,-0.62012196,0.3686357,-0.73339546,-0.5279998,0.45144463,-1.1254638,0.16700079,-1.3694772,-0.6713686,-1.4837728
204,-0.18596408,-0.6547572,0.0,1.0,-0.32364246,0.6820166,1.4809296,0.0,1.0,-1.5672255,1.2133881,0.8666211,1.5098348,1.1307693,-0.06246276,-1.4625678,0.7350972,-0.44927558,-0.6346373,-1.2399983,-0.36083573,0.06357116,1.6123815,1.3181472,-1.5485493,0.75746876,0.08881436
205,0.9286881,2.423037,0.0,0.0,0.82161766,-0.65878075,0.4457385,0.0,0.0,0.53492594,-1.3037142,1.2653064,-0.63202405,0.9267873,-0.6839064,-1.0161828,-1.1236736,0.2150764,-0.9642843,-1.2430803,0.6494529,-0.470699,1.538389,1.1732686,-1.5103626,1.4029529,-0.9585321
206,0.33313307,0.563948,0.0,0.0,-0.094659045,-0.20814183,-0.30107737,1.0,1.0,1.6649833,-1.025891,0.14317586,1.2910973,0.8598385,-1.6126964,0.58229506,-1.3943269,0.70709205,1.2813833,-0.81833875,-1.7198912,-0.6478537,0.28391165,0.872552,-0.9135851,0.094856486,1.2930968
207,0.6425998,0.08157606,0.0,0.0,0.4419859,-0.1485197,-0.6455509,1.0,0.0,0.47377363,0.94803965,0.10731328,-1.7114556,-0.71573764,1.0582743,1.2559776,-1.4701166,-1.7154835,-1.5160751,0.83324397,-0.026502758,0.19154923,-0.16618161,-0.3300266,0.06887107,0.36913195,1.3693887
208,0.29995102,-0.3213882,0.0,1.0,-0.049809027,0.96182173,-0.13768667,1.0,1.0,0.82784045,1.2935562,1.5979127,1.263732,0.026536029,1.0000536,0.8936327,-0.73978645,0.15811333,-0.92404824,-1.5903679,-1.6953691,1.2868333,-1.5812739,1.7278831,0.55106306,1.6486006,-0.64292586
209,1.1249329,1.1806145,1.0,0.0,0.8055209,-0.557567,0.5437717,0.0,1.0,0.17239715,0.8252895,0.35398462,-0.892538,-0.25471407,0.32682756,0.8356823,0.68778485,0.5609696,1.3564403,-0.3978713,0.10688501,-0.9340646,-0.5219502,1.0195153,-0.6848805,-1.5953475,1.406806
210,1.009593,0.84050125,0.0,1.0,1.4865643,-1.3781667,-0.54850864,0.0,0.0,-0.9494971,0.27439573,0.14239472,-1.6726876,-1.250521,-0.31759375,-1.5232999,1.6517982,-0.6721418,1.7278594,-1.0348595,-0.8314766,0.47736293,1.7030922,0.13560754,1.5670017,-0.23672283,0.7467384
211,-0.468487,-1.1499333,0.0,0.0,-1.0685304,-1.6546293,0.080919616,0.0,0.0,0.3467051,-0.2378522,1.6500615,-0.7450571,0.5973065,-0.8888788,-0.05176776,-0.5733125,-0.23432185,-1.4466494,0.8880089,1.4789654,-1.4566791,-0.09482744,1.3629102,0.9648336,1.2539107,-1.5122522
212,1.8560688,1.1000003,1.0,0.0,1.3572764,1.1464454,-1.1257629,0.0,1.0,1.2448571,1.3797418,1.3507066,0.81061536,-1.1125672,-0.6557236,-0.6038964,0.9641713,-1.6140939,1.6504307,1.1248066,-1.3145614,1.2048311,-1.0610619,-0.9021355,0.59158,-0.39346942,0.50676715
213,-1.2246464,-1.2167456,1.0,1.0,-0.72922534,-1.2708828,1.4207762,0.0,0.0,-0.32500526,-1.66671,-0.05811328,1.4433286,1.0176642,-1.372835,0.9674651,-1.4954064,-0.034048855,-1.0026659,1.303545,0.30151516,-1.3123922,-1.6172171,-0.5241288,1.413932,-1.3892586,1.2346547
214,-0.8900943,-1.094596,0.0,1.0,-1.3839402,-0.029060852,-0.034547236,0.0,1.0,-0.35353148,-1.0640824,0.24324499,1.2759852,-1.5663557,0.19208662,1.0695281,0.49600112,0.6923378,0.41413292,-0.15686913,-1.390874,-0.47917715,-0.6142899,0.37150472,1.5421085,-1.6580001,-1.2239304
215,0.06907484,0.2450332,0.0,0.0,0.30339876,0.1090899,-1.5583206,0.0,0.0,-1.4871602,1.2949593,-0.53028744,1.6046166,1.0184273,-0.34807864,-0.5350236,1.4157416,-1.4556884,1.3862557,-0.92078453,-0.8716045,1.530178,-1.3173918,1.5854067,-1.535353,-1.5265555,-1.6951301
216,-0.05717698,-0.10868868,1.0,1.0,-1.388447,0.85734665,-0.9933125,1.0,1.0,-1.0252246,0.94454974,-0.6876366,1.5105352,1.1977581,-0.98125565,0.36338878,-0.023378044,-1.1781713,-0.8881885,0.86155504,-0.6009879,1.323643,-0.29631755,0.57421404,1.2266006,1.3588337,-0.19223984
217,0.44077435,0.92445046,1.0,1.0,-0.6404295,0.6018801,-0.5185907,1.0,1.0,-1.2711835,1.3214452,0.6508034,-0.7673799,0.9963873,0.48096862,0.8577552,-1.1782676,0.8705338,0.9250608,0.22746402,-0.9720445,1.2856399,-0.416104,-1.6369514,-0.26164547,0.7119497,0.8558424
218,1.6465732,0.8423677,0.0,1.0,0.4129461,-0.47316357,0.0206518,0.0,1.0,-1.0872215,1.1656607,0.0940776,-0.4481584,0.5051842,1.15452,0.022303853,0.79083407,-1.5172842,-0.7877527,-0.52183867,-1.2394139,1.3490915,-0.9813827,-1.5304765,-0.53617036,-0.57495385,1.6129253
219,0.14714275,0.4116161,1.0,1.0,-0.46128318,-0.5115824,-0.5329106,1.0,0.0,-0.2944451,-0.31631497,1.7029711,-1.1828138,0.8221477,0.48925307,1.0400852,1.1204166,-0.8365436,-1.4205751,0.5610267,-0.7332376,0.22488415,-0.631992,0.8710088,-1.2948401,0.99008137,-1.4552368
220,-1.0288924,-1.386336,0.0,1.0,-0.2745906,-0.977959,1.5319852,0.0,0.0,0.25794736,1.4197707,1.072571,-1.6054065,1.6933376,-1.7190462,-1.4097852,-0.77601516,1.5350931,-0.71828324,0.052231096,1.5789212,1.3685002,-1.4660118,-0.3268229,0.78227407,1.2795784,1.0410447
221,0.2475705,-0.16366158,1.0,1.0,-0.33608925,-0.06935843,-0.68707615,0.0,1.0,-0.23759343,1.0891973,0.96239537,-0.39287645,-1.5545983,-0.12794395,-1.1625808,0.08553353,1.405705,-1.2574652,0.26885653,-0.652517,0.06423984,-1.617583,-0.45329198,-1.2160977,-0.80396545,-1.0965952
222,-0.453432,-0.030303435,0.0,0.0,-0.2623316,1.2077221,-1.0203007,1.0,0.0,1.5302364,-1.3459487,-0.7399751,-1.6339012,-1.3383623,-0.58586884,1.0212101,-0.808297,1.2690306,-0.77622074,-0.010491089,-0.59266526,-0.8237376,1.5021567,-1.462392,0.34173867,-0.010267205,-0.2184407
223,-0.74164474,-1.5886993,0.0,0.0,0.6459054,-0.43403006,1.575491,0.0,1.0,-1.0714045,0.20270799,0.53324544,-1.7194105,1.5935901,1.3375764,-1.3717173,1.4037822,1.3723408,1.0244766,0.50165987,0.19779338,-0.07763432,-0.42283162,-1.1324884,0.15053217,-0.22829093,0.21367697
224,0.18147051,0.14276353,0.0,0.0,-0.266826,1.3657258,1.1118585,0.0,0.0,0.13136452,-0.5232237,0.13796932,1.2026317,1.3037372,0.6234709,1.1293911,-0.30925974,0.9009164,-1.4923716,0.43684128,-1.5644739,0.43564892,-1.2273165,0.4766259,-0.9651147,-0.04138469,-1.3101641
225,0.20344211,0.044456415,1.0,1.0,-0.5796152,0.23325048,-0.36966327,1.0,1.0,-0.79083264,-0.9209068,0.7208705,1.1299735,-0.35562253,-1.2875795,-0.8597952,1.0964711,-0.0057419953,1.4422337,0.9989733,-0.9844901,0.67901534,-0.74375015,-1.6673672,-1.5529997,0.22774634,-1.6581852
226,0.41890475,0.9439649,0.0,1.0,0.68865967,1.0790036,1.4524316,0.0,1.0,-0.6291893,0.53616333,-0.17238079,-0.3245853,-0.97074777,0.62680936,-0.6338898,0.5507275,-1.4671397,0.631962,0.90030414,-0.03582607,-1.0918164,-1.1747543,1.7048357,1.2461835,1.3027656,-0.040250458
227,-1.1233481,-1.7654922,0.0,0.0,-0.5327409,-0.7764952,1.6142029,1.0,1.0,1.2685405,1.6129398,-1.6774485,-0.05082811,-0.7795752,1.2539457,0.20248193,-0.26705953,-1.592686,1.0802956,1.3242537,0.5318163,1.091377,1.0280554,1.4443723,-1.384162,-1.3529869,0.8356079
228,-0.4530967,-0.299223,1.0,1.0,-1.261275,-0.30373624,0.6044704,1.0,1.0,0.9182513,-0.49818522,-1.2490734,-1.157589,0.9726727,0.69622993,1.6702106,0.6815396,1.5346544,-1.4930997,1.6926323,-0.14326404,-0.5726472,-1.712142,0.80156,-0.790674,-0.8717952,-1.3350859
229,1.5795335,1.7875651,0.0,1.0,0.2284282,-0.43568426,-0.12227732,1.0,1.0,0.4575275,-1.6053752,1.1719575,-1.5665365,0.95762473,1.1883776,-1.6258769,1.5563685,0.3901054,0.55258477,-0.54456514,0.37472916,0.6549296,-1.242328,0.6198601,-1.732473,-0.57827234,-1.2383428
230,-0.3204627,-0.32855672,0.0,1.0,-0.99523735,-0.39564618,-1.3064739,1.0,1.0,0.21801572,1.6447451,0.5849167,-1.569399,-1.0046526,1.6279393,0.75149167,-0.62216854,-0.737121,-1.544718,1.706591,1.6308607,-0.5677933,-0.33614588,1.5615745,1.5139602,-0.11137038,0.8432657
231,1.5336057,1.5809149,0.0,0.0,0.3082673,0.5593033,-0.013402598,1.0,1.0,1.4878777,-1.1020421,-0.17208187,-0.42457822,-1.4760423,1.5990561,-1.7237202,1.4688667,-0.3751971,-1.2891045,-1.5315467,1.1619797,-0.75380355,-1.3126053,-1.0997559,1.0456741,1.3109927,0.16121133
232,0.87651926,0.8080653,1.0,0.0,0.7980932,1.2251475,1.2348589,0.0,1.0,-0.22612958,1.3107183,-1.6298206,-0.56193966,-1.6394647,-1.7311887,-0.36002424,-0.2911882,-1.1395041,0.59567523,1.6554307,0.74480164,1.717213,1.4017161,-0.07100852,-1.0516013,0.6085163,1.1127728
233,-0.89078164,-1.5337921,1.0,1.0,0.88305694,1.3788552,1.066058,1.0,1.0,1.2236001,0.7692989,1.6687608,0.2953577,0.1049342,0.18977019,1.0820718,1.4307816,0.5939395,1.3413689,-1.0756308,-0.94609016,-0.47220582,0.8212391,-1.3091164,0.3833047,0.9105531,0.9988265
234,0.21338405,-0.021018254,0.0,1.0,0.22880374,-0.8179701,-0.84456074,0.0,1.0,1.4768027,0.3367595,-1.2073084,-0.13092604,-1.4341902,-0.17432873,0.92922854,-1.576277,0.52115643,0.029573688,0.5947139,0.22626242,1.2296205,0.26754427,0.42544338,-1.6914257,-0.8902287,1.3153765
235,-0.95177037,-1.8007926,1.0,1.0,1.1888094,-1.6289798,-0.01902343,1.0,0.0,0.5691693,-0.05368415,1.5553734,-0.5679239,1.2437848,-0.98453695,-0.37151638,-0.9627341,0.0984627,0.24635285,-0.27442813,0.9015954,0.850812,0.8795812,0.43944302,-1.5808867,-0.05630813,0.65644634
236,-0.2914404,0.1215597,1.0,0.0,-1.2307162,0.5143871,-0.98328364,0.0,1.0,-0.2418619,-0.7266939,1.3174062,-1.1065114,-0.23509566,0.32901022,-0.70353633,0.47070083,-1.6672707,1.6175207,1.3103502,-0.10687484,1.0709808,1.3147087,-1.312312,0.5373926,0.09788932,-1.2050039
237,-0.1354584,0.28221124,0.0,1.0,1.1327761,-0.23335518,-1.3177416,0.0,1.0,0.49596158,1.5672725,1.394975,1.2629578,1.0792109,0.57091963,-0.40223694,-1.3757817,0.054317065,1.201433,0.7760123,0.8113997,-0.26063415,-0.9654095,0.50187993,1.4891254,-0.0834843,1.2022092
238,0.43038803,-0.1896718,0.0,0.0,-1.1535424,0.91295093,-0.05858261,1.0,0.0,-1.0410863,1.1019442,0.3487076,1.4219276,-0.62422484,-0.10893429,1.1588674,0.5006124,-0.3465243,-0.014833042,1.103005,1.3323526,-0.9174703,-1.6729084,1.3364041,-1.2921611,-0.9051854,0.4469522
239,-0.7258832,-0.19655308,0.0,1.0,0.9306273,1.3876541,1.4505281,0.0,0.0,-1.6628869,-0.787314,-0.9492109,0.88139784,-1.4797536,-0.13658403,1.5714728,-1.3004851,0.8362156,-0.8671583,-0.24407777,1.689021,-0.6519481,-0.80461943,-0.0075731385,1.0993894,-0.48362806,1.083476
240,0.9875459,0.9092033,1.0,1.0,-1.2791133,1.1097031,-0.51561767,1.0,0.0,-0.95326746,-1.1692724,-0.6117881,1.0861084,0.0052203764,-1.4434242,-0.50578135,-0.77699435,1.2867366,-0.69924766,0.8837431,-0.7922066,1.4471339,-1.2012494,0.7356482,0.899915,-0.70346266,0.05715454
241,1.4096957,0.74043906,0.0,0.0,0.8855335,-0.5400831,0.23009112,0.0,0.0,0.7571501,-1.5227284,-0.882364,-0.11742206,0.2544347,-1.59781,0.3189384,-0.66047347,-0.7793775,-0.94987184,-1.6723297,1.2288508,0.2664972,0.80752176,0.14973493,-0.6271951,1.0867916,0.80358505
242,0.40121824,0.07957262,0.0,1.0,1.0335624,1.361249,-0.39513597,0.0,0.0,-1.3655626,-0.6051875,1.3905034,1.1465997,0.5900592,1.217127,-1.3475093,-1.5152282,0.8572752,-1.3476733,-0.6456583,-1.4611127,1.4710168,-0.6099045,-1.1933808,-1.7078764,1.1803598,0.833427
243,0.091767035,0.344472,1.0,0.0,-1.3324919,0.017902685,-1.0594316,1.0,0.0,0.039558362,1.2288618,0.8334022,-0.08443873,0.69824827,-0.85872966,0.09053115,-0.9000502,0.74769837,-0.6916498,0.71883833,-0.22647087,1.4926978,1.639421,0.5323673,1.4190845,-0.28838477,1.4486482
244,-1.0574738,-1.1028252,1.0,1.0,0.2314035,-1.2417086,-0.41940847,1.0,1.0,1.6283351,0.4039244,1.7480577,1.1629974,-1.1968262,-0.73057926,-0.6234171,1.137294,-0.9021138,1.0853945,-1.4280136,1.378525,0.38740283,1.4550506,1.3146794,-0.4491817,-1.1141868,1.0800718
245,-0.26060644,-0.7346939,1.0,0.0,-0.77192616,-0.34984395,-0.79252166,1.0,0.0,0.45909756,-0.36846954,-0.39437115,-0.7109691,-0.9073892,-0.8818968,-0.26243988,1.7239537,-0.07213925,-1.2985516,0.9581144,0.029471535,1.5337557,-1.083999,-0.59526664,1.1293893,0.693562,0.8204872
246,-0.18904123,0.09912566,1.0,0.0,-0.43910858,0.15363008,-0.81424904,0.0,0.0,-0.2618628,-1.5009279,1.5061125,-0.9173263,-1.6877385,-1.7420324,0.3928587,-0.6082283,-1.2352604,0.022089796,0.10338102,-0.056578305,-1.7469177,-1.3345076,1.378718,-0.16248316,0.699336,0.65569544
247,-1.0658401,-1.1645578,1.0,0.0,0.5116509,0.9028984,-0.5381332,0.0,1.0,-0.13043137,1.0415193,1.5484277,-1.6732292,0.63780344,-1.3407545,0.025791273,0.832683,0.76493347,1.0408429,-0.6570142,-0.7466912,0.07827064,1.2328652,-1.1496971,-1.7267766,-0.6753873,-0.12837642
248,0.089503385,-0.13619263,0.0,1.0,0.45040548,-0.46392724,-1.0756334,1.0,0.0,0.23148298,1.5329748,0.18179668,-1.4906511,0.16245635,-1.526043,-0.13257577,-0.38246933,-1.4103112,0.58504176,0.768858,0.45286885,-1.5914172,-1.4325386,-1.3818399,-1.3569813,-1.3589698,1.2909333
249,-0.009899133,-0.5623006,1.0,0.0,0.5785475,-1.2057216,-0.46900058,0.0,1.0,-1.6556673,-0.111593865,-0.9271668,0.7038935,0.06654238,-0.6229452,1.1786934,-1.1437813,0.6305551,0.41386396,1.0745044,0.34409198,1.5827613,1.5299249,0.93164885,0.60734934,0.8915788,0.570646
250,0.21101458,0.43170464,0.0,0.0,0.5396979,-1.5294902,-0.12177223,0.0,1.0,-1.6922297,1.1872617,-0.6264002,-0.20573527,0.077480964,-0.028537225,0.63986784,1.0834018,-1.2813867,-0.756496,0.11328734,-1.6298875,1.3473779,-0.39469197,-1.6286769,1.4506394,0.6810385,-0.6447777
251,0.49872357,0.8674413,0.0,1.0,1.6099924,1.6539137,-1.5931714,0.0,0.0,-1.4173479,1.3011717,1.5406288,-0.07966212,-0.057702318,-1.1636642,-0.9989408,0.88794184,0.7324224,-0.9807264,-1.0219223,1.674658,-0.11519849,-1.156457,0.87587595,0.94672805,1.7204996,0.57757187
252,0.1371353,-0.32669118,1.0,0.0,0.3044146,-1.7154812,0.72987723,1.0,1.0,0.52850944,-1.3209196,-1.209907,1.5084877,1.1488166,0.6239337,-0.09235336,1.5265572,1.6672815,-0.85578567,1.2919683,-1.1588427,0.23050152,0.48926628,0.09128665,0.13567004,-0.1096844,-1.1392009
253,-0.19375876,-0.3292504,1.0,1.0,0.74346083,-0.29383662,-1.6542101,0.0,1.0,0.7597869,-1.0911306,-1.3369727,0.64220774,0.95197797,-1.510391,-1.2078133,0.51895005,-1.5768616,0.14703703,1.0964006,0.06482122,-0.63411504,-0.3099439,0.20352934,-0.4925574,0.45853713,1.4768102
254,0.23154211,0.10671499,0.0,1.0,0.20696166,1.6969137,1.4313238,0.0,0.0,-0.83364064,0.10195634,-0.7765205,1.3471079,-0.281371,1.422788,-0.44803256,0.062058564,0.12885799,-0.25255322,0.23188582,0.37377313,-0.11387898,1.1820906,-0.2789624,1.1238161,0.9559945,0.9612183
255,0.4517182,0.51763874,0.0,1.0,0.19007276,-0.26173738,0.8658939,0.0,1.0,-1.1725888,0.12642635,-0.7398121,0.3102836,0.007732599,-1.3735204,-1.5530925,-0.65879637,-0.21315683,0.027359331,-1.0817976,1.7523897,0.5780818,0.16142558,0.27375683,-0.61953497,1.4672005,-0.73104507
256,-1.309828,-1.7906145,0.0,1.0,-0.6430617,-0.66117996,1.6640861,1.0,1.0,0.79434025,-0.84617823,-1.2107836,-1.4372562,-0.73710936,-0.53057843,-0.12753269,0.31723017,0.31570038,1.412337,0.6512417,-1.2103498,-1.7499877,0.31377506,-0.6244076,0.111435056,-0.08343668,-1.3256471
257,-0.6249418,0.24629906,0.0,0.0,0.19223113,-1.5567075,0.47100008,0.0,1.0,-0.14521128,-0.50285506,0.7254682,0.28679937,-0.14327328,-0.17572159,-1.4880353,0.5181909,0.04533648,0.17083035,-0.9604299,-0.3199552,-1.616731,0.5559738,-1.5284548,0.88792443,1.0304133,1.6625383
258,-1.6878185,-1.5702384,1.0,1.0,-0.44366682,-1.6996806,-0.29366893,0.0,1.0,-0.9025684,-1.5932252,0.6703114,-0.5948735,0.332382,1.4132684,1.2598165,-0.8747972,-0.4374564,0.4705495,0.30680412,1.7564182,0.11605556,-0.22422372,1.1684588,-0.51471776,0.63312465,-0.108610496
259,-0.334834,0.051136266,0.0,0.0,-0.31416735,-1.5384237,0.8129754,1.0,1.0,0.291064,1.1373341,1.4062454,-0.41951373,0.30720243,1.2875954,1.3979857,-1.2022539,0.029191893,0.5327549,-1.599854,0.35168955,0.08201128,0.48026356,-0.88974744,1.3900589,-1.7515386,1.2508129
260,1.3834871,1.2374358,1.0,0.0,1.1276082,0.84104186,1.2119404,1.0,1.0,-1.1319687,0.45058042,1.1242793,-0.50917643,-1.5641737,0.31313068,-0.8765638,0.9798826,-1.6501865,-0.6752547,0.013031989,0.6188274,1.4605576,-0.9834375,0.47958007,0.13403985,1.6030325,-0.2718761
261,0.14383638,1.0630757,0.0,0.0,1.381275,-0.48730317,1.5496017,0.0,1.0,-1.614598,1.3331164,-1.077832,1.3524421,0.48608473,-1.2423788,0.2757963,0.20247376,-1.6600796,-0.7590664,0.27546483,-0.8758348,-0.07903813,1.0905359,-1.0531095,1.3692342,-0.75011766,-0.02638412
262,-0.41185084,-0.21817264,1.0,1.0,1.6361026,-0.14329372,-1.8033926,0.0,1.0,0.75386024,-0.049259845,-1.2472628,1.5532248,0.023508491,1.4956015,0.16822818,0.95655894,-0.44543898,0.43376604,-1.6188749,0.8962567,-1.6301333,0.5712388,-1.1125469,1.4012419,-1.3417102,0.7041868
263,1.4885608,0.6924088,1.0,1.0,0.6649687,0.2455643,-0.170256,1.0,0.0,-1.6116086,-1.2263566,-0.63704157,-1.5644779,0.9784804,0.98412126,0.7653551,-1.3336256,1.5760893,-0.4611603,-0.12869854,1.2063725,0.35913807,-1.3964956,-1.2326806,-1.0259919,0.51195306,0.60398155
264,-1.1447703,-0.7070642,1.0,0.0,-0.9982814,-1.0190789,0.0653003,0.0,0.0,-0.5444892,0.513082,-1.3338966,0.09872181,0.030351397,-1.1374773,0.048181318,-1.139363,-0.12667288,0.90297794,0.5311178,0.0860674,1.3694974,-1.1234535,-1.1723999,-1.1919651,1.085074,0.82680166
265,0.6333516,0.61140394,1.0,1.0,-1.4236194,0.2502304,-0.16246104,1.0,0.0,-0.94698477,1.2838037,0.85210264,-1.4868124,0.74773014,-1.7131021,-1.2174337,-1.1114893,-1.2301241,0.10288742,1.6467273,0.6666698,1.589739,-0.2896378,-0.26560578,-1.6512637,0.4720937,0.37488538
266,-0.887778,-1.3566048,1.0,0.0,-0.59772617,-1.2878866,-0.4408924,0.0,0.0,0.69684494,-1.3445917,-1.5446031,-1.2587676,0.7335185,0.80186754,-0.7496265,1.3707849,0.96806407,1.06431,1.1220411,-0.8752756,-0.45857897,-1.462145,0.53040254,0.5489587,-0.6970521,1.7187285
267,-0.69408137,-0.7201189,1.0,1.0,-1.6520424,-0.36187539,1.218024,1.0,1.0,-1.0955551,-0.82958895,0.012252371,0.047729578,0.14400986,1.3633003,1.5616393,0.9546368,-0.63887906,1.7245587,1.2851613,1.0008832,1.064991,1.0987393,1.1587876,-1.619677,-0.2601384,1.1454532
268,1.445614,1.048376,0.0,0.0,0.6509747,-1.3548292,-1.026535,0.0,1.0,-1.2195317,1.4038554,-1.5179794,0.22480772,-0.021934515,-0.33887327,-0.40927508,0.41409138,-0.32327694,-1.1413136,-1.1400223,-1.3609488,1.1249213,0.8599253,0.73601425,0.6082396,-1.0493352,-0.79979
269,-0.37151527,-0.062745444,0.0,0.0,0.5611425,1.4956156,-0.798169,0.0,1.0,-0.5441412,1.1529485,-0.97845525,-0.44676894,-0.56873506,-0.12160744,-1.7262725,0.34216684,0.2684395,1.7572025,-0.45920396,-1.1441759,1.3162589,0.4430631,1.192182,-1.558255,0.49539778,0.7286034
270,0.41274664,0.6801448,1.0,1.0,1.4014502,0.5457015,-0.6889819,0.0,0.0,-1.2811861,-0.58167225,-0.021654986,-1.6263992,0.34867293,0.3541211,-0.92570925,0.49842727,1.1518247,-0.2387718,0.44198373,0.7878019,0.8502484,-0.7630356,0.014348159,0.24366347,-1.7558465,-1.513572
271,-0.2714817,-0.883757,0.0,1.0,-0.981137,0.81939715,1.1029692,1.0,1.0,-0.9027468,-0.34646055,1.6931744,-0.8454475,1.6930546,-0.90625155,0.4098199,1.0033097,0.40843198,-0.9485712,-1.6541586,-0.9506,-1.5465641,0.9690301,1.3784777,0.7659423,-1.1572624,0.4363574
272,-0.6449472,-0.35554802,1.0,0.0,-0.18010038,-0.5046237,1.4229479,0.0,0.0,0.1552965,-0.4966716,0.62003034,1.5228896,1.25545,0.5100951,0.93903583,0.44203725,0.10559057,0.20080283,0.09892129,-1.4880805,0.21248162,0.4746065,-0.99641496,1.4953127,0.32380003,-0.3730619
273,-0.076516494,0.38313842,0.0,1.0,-0.21637994,-0.5941673,0.86465937,0.0,0.0,-0.4925359,-1.2751032,-1.7163424,0.72136956,-1.396471,1.0698,0.94249713,0.91454,-0.24438882,0.22168984,-1.5081569,-0.11563578,-1.4374859,-1.2827764,-0.25895593,-0.33908674,-0.11968109,0.2776474
274,0.18053997,-0.9160228,0.0,1.0,-0.08882363,1.4693305,-0.16326953,0.0,0.0,1.2784472,0.5313511,-0.9058491,-0.25535443,-0.96566194,-1.4418728,0.34750536,1.2378175,-0.24141347,0.4656472,0.75942737,-1.3739156,0.12763712,-1.409599,-1.4403062,-1.0201378,-0.8706915,-0.5662491
275,1.3065853,1.879683,0.0,1.0,0.61135334,-1.6477401,-0.80726373,1.0,0.0,1.1415821,0.28609574,-1.2997468,-0.057617623,-1.5368788,-0.28054586,-1.4573504,-0.69152313,0.31419694,-1.6070067,0.54386,-0.2539831,1.3938792,-0.86835164,-1.3015298,0.83403444,1.4643362,1.6130959
276,0.83886045,1.1292425,1.0,1.0,0.9420238,0.40120164,0.6281019,1.0,0.0,0.48763567,0.57124054,0.8916334,0.5387928,1.1186941,-0.42013985,-0.30447668,-0.13236697,-0.7778373,0.6643386,0.6261038,0.15539466,0.814373,-0.8323679,0.2625366,1.134053,-0.7730766,0.46369457
277,-0.5701252,-0.2087543,1.0,1.0,-1.5676033,0.6561446,1.3398927,1.0,0.0,0.6210907,0.96036536,0.7320564,0.23985824,-1.0757656,-1.0516934,1.4560313,-1.4290856,0.80135906,-1.2177361,-1.4031274,-0.7844587,-0.0052433317,-1.2215873,0.44195077,0.8918116,0.2370025,-0.27693903
278,-0.8851449,-0.2582819,0.0,0.0,-1.4308212,0.48156974,1.4229563,0.0,1.0,1.1820598,0.9569125,-0.96313804,1.5812213,0.093226865,1.3125206,0.93248683,0.7100949,-0.30793405,0.80736095,1.6086296,-0.7134688,0.19906926,-0.013456257,0.6820673,-1.1764635,-0.52873594,-1.6709654
279,-1.2276185,-1.2490147,0.0,1.0,0.38387862,-1.3984445,0.82919234,1.0,0.0,0.48534077,1.2562716,-1.6118848,0.8560101,1.089953,1.0804057,-1.3211749,1.334338,-0.3933075,0.9946454,-1.1894025,-1.2544607,-0.6569451,-0.6795458,-0.5286366,0.4928881,1.1454375,-0.28921667
280,0.19894727,-0.18199468,0.0,0.0,-0.015441409,-0.9657209,-0.09004409,1.0,1.0,1.6806133,0.23857003,0.79413384,-0.35931608,-1.5380833,-1.2506921,-0.4656571,1.0113804,-0.032466013,0.76850927,-1.5241634,-0.41031617,1.633591,1.6683338,1.7470459,-0.94224614,0.5147961,-1.2732663
281,0.8995289,1.0626057,1.0,0.0,-1.6098394,1.0321933,-0.7498258,0.0,0.0,0.55504435,0.20095958,0.7731111,-0.23440868,-1.2449338,1.5973549,0.7636661,0.90001756,0.43364003,-1.1634741,0.17745331,0.8329299,-0.83212173,-0.5618996,0.40567046,-1.6350036,-0.36243197,0.45750907
282,-0.20931883,-0.280178,0.0,1.0,1.3533067,1.3130597,-0.016909167,0.0,0.0,0.2629315,1.6239052,-1.2132578,-1.6531873,-0.874075,1.7030085,0.42378107,-0.7552088,0.057418186,1.7240382,0.97366464,1.0847573,1.3181036,0.53190863,1.3992745,1.3306755,-1.1979923,-0.83289284
283,-0.5557671,-0.35826236,0.0,1.0,0.8150748,-0.9671854,0.80810523,1.0,1.0,1.1014379,0.96885145,-1.437618,0.9809699,-1.4152387,-1.1519222,-0.05445402,0.07278694,1.0956187,1.6532792,0.7285304,0.023680534,0.25269073,-0.9117246,-1.0986444,-1.3059666,0.9488595,0.9910084
284,-1.5108745,-2.5332596,0.0,0.0,-1.2150872,-0.5667063,1.1283423,0.0,0.0,-0.13357574,0.7516175,1.7233665,0.416455,-0.64724976,0.9950425,0.40257904,0.4491708,0.061855394,1.5631877,-0.6468023,0.11017538,-1.2754397,-1.0647603,1.494497,0.6675244,-0.47271654,1.4885876
285,0.47179154,0.28909588,0.0,0.0,1.0212178,0.4066699,-0.6261188,1.0,1.0,0.65800786,1.3717855,1.1534182,-1.599036,1.3354123,-0.18993326,0.46343338,-1.2938336,-1.7184808,-1.6062509,-1.3391593,-0.31088778,-1.3772763,-0.5569979,-0.9786819,-1.3964695,1.1717303,0.9360188
286,0.2264105,1.3652984,0.0,0.0,1.6444355,0.27327472,0.5955508,1.0,0.0,-0.6871994,0.18598145,-1.1836517,-0.60407764,-1.5343704,-0.6084801,-0.9097302,0.834382,-0.47651854,-1.3841566,-0.8539553,-0.28185484,-1.0210674,1.0203968,1.1462005,0.99096173,0.28025207,-1.0317547
287,-2.2453477,-2.0806851,0.0,1.0,-1.1295859,-1.2518402,0.4679645,1.0,1.0,0.27715382,0.17012179,1.1486484,0.9921282,0.51120853,1.1699172,-0.7289434,-0.5856138,-0.33112592,-1.0972133,-1.4822417,-1.3318725,-1.2738497,-0.026737887,0.8231459,0.3152247,0.031941272,-1.1950858
288,0.29385632,0.73301864,1.0,1.0,1.540015,-0.82852834,0.8213651,0.0,0.0,0.6786468,0.033804286,-0.88340193,1.2440356,1.211065,-0.5117651,0.83145475,0.040580034,-0.891233,-0.28847092,-0.22657903,-1.2524883,1.4831043,-0.11091016,1.3581661,-1.7537084,1.1112176,0.2594499
289,1.1703615,1.3193619,0.0,0.0,1.3645583,1.4109163,-0.5657502,0.0,0.0,-0.0031118596,-0.38258803,-0.029135985,-0.61636204,-1.6195447,-0.70377827,-0.45986292,0.8548942,-0.49611712,-0.39889634,0.49934503,-1.4461561,0.54454464,-0.30823424,1.3468319,0.37196264,1.6407424,-1.5958642
290,-0.054533284,-0.20797023,0.0,0.0,1.4133309,-1.6229006,0.109041244,1.0,1.0,0.51158774,-0.9912842,-1.119435,0.5298757,-0.9490666,-0.6510997,-1.1273676,1.0596334,-0.66945666,-0.53359246,-1.1703721,0.98635125,0.5327499,0.4406252,-0.4924599,1.0056107,0.41036233,1.0136795
291,-0.025425967,0.3453342,1.0,0.0,0.6900817,1.1612767,0.31504992,0.0,0.0,0.7345076,0.8799417,-0.24992289,1.1055824,-1.037625,-1.3057892,0.859888,1.1899487,-1.490185,-0.099624164,0.97092813,1.6810275,1.1993794,-1.3667462,-1.0562332,0.6564649,-0.6566171,0.01288653
292,-0.7490259,-0.42305586,1.0,0.0,0.62298274,-0.6565382,1.5483898,0.0,0.0,-0.10150994,-1.326203,-1.0640638,0.8309848,0.059129037,-1.1298254,-1.2329552,1.4834608,-1.5917674,0.20094343,0.39962155,1.5466635,0.50223416,1.370112,0.56842226,-1.4200121,1.1553743,-1.4747425
293,-0.08624931,-0.24090669,1.0,0.0,-0.20220359,-0.8584835,1.1806974,0.0,1.0,-1.6695629,1.2210933,0.30173108,0.47705594,-1.5739816,0.73634595,0.7618462,-1.3604983,-0.5480187,0.5536184,-1.3815134,1.0031904,0.25794798,0.97789985,-1.2058858,-0.85667217,-0.5426651,-1.0136179
294,-0.43742892,-0.52112734,1.0,0.0,-1.0405309,0.05386313,1.1208589,1.0,1.0,-1.7499838,0.96356523,-0.1522988,-0.8549846,1.6471516,0.46248704,-0.00032484432,-0.3658935,0.7655086,0.006319585,-1.58221,-1.3089464,0.016667109,1.1554232,-0.9870204,1.2344557,-0.19644324,0.99359506
295,1.0147601,1.3101374,1.0,1.0,1.1984596,-0.64039534,0.13603538,1.0,0.0,1.3051641,-0.07303954,-0.2022114,0.25178316,0.7155417,-1.6212236,1.2874761,-1.0249933,-0.97959137,-0.89944786,1.0954953,-0.8627262,-1.7160524,0.59351957,-0.77055335,-1.584381,-0.57500255,-0.48752624
296,1.5647008,1.213341,0.0,1.0,0.11931758,-0.17728814,-0.45870712,0.0,1.0,0.9529267,-0.29098117,-1.3473257,-1.3223398,-1.6509376,-1.7084881,1.2509134,1.1253048,-1.7040364,-0.7789153,-0.27830857,-1.1843188,0.04296996,-1.0316877,-0.799816,-0.03830021,1.1814992,-1.1652911
297,-0.6105743,-0.9817081,0.0,1.0,1.1820723,1.1186162,0.21253635,0.0,1.0,-1.4986299,-0.24208659,0.34064668,-1.2622111,0.043354467,-0.9483305,-0.96782154,-1.662398,0.61873025,1.5672302,-1.4613049,0.6648857,1.0430487,-0.9257793,-1.1959313,-1.5670372,-1.4891571,0.61108315
298,-0.5920261,-0.07696079,0.0,0.0,0.27596432,0.8118444,-0.7179662,1.0,1.0,-0.640962,-1.6504292,0.38125178,1.2872713,0.13324611,0.48740867,-0.102622144,0.21060653,0.9478922,1.0455421,-0.045701977,0.96542156,0.7147079,-0.49723363,1.1143062,0.20332886,0.828009,-1.4747866
299,-0.6507697,-0.14590408,1.0,1.0,1.2040555,1.1547803,0.5930427,1.0,0.0,1.3626943,0.6337214,1.6818192,1.0477655,0.6477726,1.3168423,-0.66677326,0.7992189,-0.6272299,0.19813097,1.32488,-1.667003,0.12156393,0.87298983,1.2429945,1.0030069,-1.7276789,-1.2732888
300,0.3174965,0.23234414,0.0,0.0,0.9584166,-0.83294946,0.4070859,0.0,0.0,-0.31530437,0.86264455,0.44423097,-0.09011828,-0.9059356,0.12333564,-1.1001216,1.4972874,-1.6770675,-0.6330389,0.6431373,-0.74616617,-0.75829595,0.684628,-1.3583332,0.84752655,0.3135948,-1.5148093
301,-1.1772052,-0.48886803,0.0,1.0,-0.04879253,-0.9270116,1.2697204,1.0,0.0,0.11907447,-0.58689314,1.1594193,1.0526814,0.9525223,-0.5255856,1.2453399,1.3729887,0.31880865,-1.0205103,1.5825793,0.8551035,-1.7434504,-0.20427297,1.6744974,-0.3793809,-0.6401295,0.09773845
302,-0.75641006,-0.37947097,1.0,1.0,-0.31763428,-0.036424123,-1.0797807,1.0,1.0,-1.7159498,-0.4245435,-1.5413083,1.0074006,-0.48092288,-0.25158775,0.26497,0.06641216,1.1328235,1.4260519,-1.3981467,0.0817032,-0.015485444,-0.63934296,1.1215502,0.45056835,0.33263493,-1.5756474
303,0.06924615,0.24928544,1.0,1.0,0.08895426,0.79119974,-1.1473701,1.0,0.0,0.87806463,-0.5043603,1.3277459,-0.3303507,1.4217609,1.00764,-0.4351506,0.34151152,0.08511159,-0.53934443,-0.41820338,0.9309424,-1.7504649,-0.8384262,-1.0593054,0.059673674,-1.6270837,0.34521487
304,-0.36100158,-0.58464205,0.0,1.0,-0.70355296,0.8986217,1.0920143,1.0,1.0,1.175502,0.97226775,0.2124047,1.2414752,0.7462622,-1.514762,-0.16205472,-0.76596874,0.48321256,1.2496934,0.9390511,1.0737791,-0.6678274,1.3851107,-0.8202361,1.259053,-0.9959108,1.5871313
305,0.38070345,0.71984863,0.0,0.0,0.23268664,-0.4048164,-1.0261407,0.0,0.0,1.6102195,0.8408227,1.742209,-1.0463686,0.90926033,-1.6850191,-1.3342264,-1.2603527,0.75467575,0.6369002,-0.21942249,-1.2319893,-0.6747408,-0.030128863,-1.4975858,-1.4593004,1.6609783,-0.72795874
306,0.71189725,0.47734156,0.0,0.0,1.2241851,1.6257911,-0.8178323,1.0,1.0,0.52288246,-1.3418329,1.4175814,0.4056859,-1.0569016,1.3534518,0.44424388,0.37219098,0.5146558,-0.30225202,1.5025938,1.3109908,-1.2155429,-1.1175764,0.04963108,0.03907432,0.050490107,-0.3703562
307,-0.30336028,-0.3346221,0.0,1.0,-0.4789297,0.7255625,1.3834591,0.0,1.0,1.6367657,1.2005653,-0.77720034,-0.794054,-1.5061907,0.19728228,-0.92185676,1.558771,0.761717,0.98156315,1.0018731,-1.3305589,1.2476965,1.3753209,-0.684531,1.0041009,-1.5899231,0.6190963
308,-0.517989,-0.7900411,1.0,1.0,-0.9334218,-1.0456446,-0.27899402,1.0,0.0,1.2650334,-1.0121092,-1.3460556,1.383289,-0.55734944,-1.538268,0.12713958,-1.0932415,0.9810945,-1.6508485,1.6750914,0.9956419,-0.15614909,-1.3959738,0.11029916,-0.36246654,-1.5577761,0.15033527
309,-0.08646972,0.44630992,0.0,1.0,0.45315686,0.5908709,-0.9655819,0.0,0.0,-1.079378,1.0081046,1.1587161,1.3107169,-1.6851826,0.042731866,-0.25965005,-0.44169188,0.71304816,0.7315273,1.1309735,0.3326191,0.81009686,0.21557127,1.6790965,-0.5311083,0.44702497,0.18954077
310,-0.12716876,-0.06538704,1.0,1.0,-0.9973628,-0.065647155,0.40648386,0.0,1.0,-0.79486156,1.3885074,0.5594863,0.33227915,-1.5059377,-0.06466905,0.24996866,-1.0050317,1.4929235,-0.86538106,-1.5783308,-0.031080334,1.1145164,-1.7021724,-1.1828637,1.3817359,-0.86471635,0.65720165
311,2.3039944,2.3127344,0.0,0.0,0.97239244,-0.14594442,0.6863979,1.0,0.0,-1.0493753,-0.7926975,-1.6020436,0.8852289,-0.455433,-0.2001558,-1.6676869,-0.8278143,-1.2981343,1.3985037,1.219349,1.1396277,1.5216916,-1.3561409,1.6025481,1.4679625,-0.96159834,1.0441456
312,2.23589,2.534364,0.0,0.0,0.39119846,-0.122260176,0.35359758,1.0,0.0,0.93154484,-1.119807,-1.1459503,-0.5471808,-0.9330922,-1.4831069,-1.2271475,0.18810473,-1.3722662,1.0013758,-0.9461154,1.5467201,-0.68054,-0.46630555,0.15013354,-0.458696,-0.45225337,-0.9600724
313,-0.44369498,0.65021163,0.0,1.0,0.586864,1.6745079,0.9115105,0.0,0.0,-0.56237507,-0.63494384,-1.54516,1.4806781,1.5353519,0.85245746,1.5106415,-0.78717625,-0.298544,-1.1683562,1.2214898,-0.84264386,1.1434798,1.09493,-0.029858032,0.9635552,0.75442046,0.045077555
314,0.69548124,1.1579337,1.0,1.0,0.7651071,-0.16087277,0.80682063,0.0,1.0,0.3205806,0.77828074,-1.3028955,-1.1601177,0.61904377,-0.3053667,0.8112996,1.7438161,0.7616141,1.4031994,-0.5446377,1.2734779,1.2901887,1.5194005,0.59082055,1.5185906,-0.2116119,0.76357585
315,-0.6294884,-1.3035268,0.0,0.0,0.57707953,0.79316574,-0.8559866,0.0,0.0,1.6901891,1.3939965,-0.61891437,1.3357685,-1.2577521,-0.7578364,0.028031934,-0.33573064,1.2408046,-1.6319447,-0.19481675,-0.67703605,1.210021,0.6027539,-1.6911253,0.15892993,-1.6083418,-0.34732538
316,-0.8265173,-0.81984985,1.0,0.0,-0.45510688,-0.52570885,1.4792436,0.0,1.0,-0.6218759,0.7061295,0.54225886,0.89659095,-1.3419312,0.03268338,-1.2646527,-0.2938207,1.5332009,-1.4285601,1.4116597,0.12461939,-0.9347872,-1.1225036,1.5524852,0.0045441934,1.6496452,1.3484385
317,-0.8770578,-0.8256283,0.0,1.0,-1.5809296,1.435079,-1.2833557,1.0,1.0,-1.1037933,0.55943435,-1.6773487,-0.053538192,0.09807642,0.27374542,-1.1177803,0.09826287,-0.8721728,1.5170122,-1.6625273,-1.064421,1.0646888,-1.5597101,1.6916571,-0.80286527,-1.4329476,0.54212713
318,1.0076454,0.76261455,0.0,1.0,-0.11479464,-0.062124956,-0.21626629,0.0,1.0,0.6430642,-0.3112799,-0.40840104,1.3202124,0.22479302,-0.86241746,-0.71423775,-1.5833576,0.011183115,-1.4244841,-0.0950202,-0.25373277,1.5286605,0.49801874,1.5333858,0.11436272,1.2949816,1.4644984
319,-0.4289516,-0.84945893,1.0,0.0,-1.650836,-1.252718,1.0048959,0.0,0.0,0.81554526,0.8266305,-0.9871497,0.72899634,1.4731162,-0.8614332,0.93682843,0.5608394,-0.20106956,0.7310689,-0.36163688,0.3575271,-0.7285151,-1.2889613,1.7261746,1.3373716,-0.7642732,-0.8385751
320,-0.61600554,0.13847269,1.0,0.0,-0.81901324,-0.854372,0.9818405,1.0,1.0,0.009850059,1.0920765,1.3637459,-0.5585471,1.1536857,-0.45802522,1.3609335,-0.9072443,0.65219694,1.0485849,-0.6200154,0.80549,-0.1861613,1.0582471,-1.3397286,-0.086764626,1.1541013,1.2668674
321,-0.18295334,0.15881109,1.0,0.0,0.43144014,-0.119071715,1.4205087,1.0,0.0,1.2659322,-0.511864,-0.33404413,0.40192592,-1.1457196,0.69201964,1.4043479,1.675451,0.35212293,0.9563307,1.3778998,0.8991075,-0.7770825,0.933426,0.07184489,-0.81855714,-1.0186249,1.3805414
322,0.48095953,0.8967579,1.0,0.0,0.68604535,-1.4694471,-1.7864919,1.0,0.0,-1.5078572,-0.8202478,-0.47953862,0.19527555,-0.27713352,1.2213254,0.7732116,0.2961875,-1.0215557,1.3482561,1.5450352,-0.9309834,1.6904683,0.87223095,0.30130988,-0.5117448,1.4428759,0.047062382
323,-0.30218437,-0.12970999,0.0,1.0,-0.1912605,1.5762008,0.6165935,0.0,1.0,-0.32345945,-1.4474288,-1.2159564,-1.1923888,-1.0552423,-1.495063,1.4699966,0.77817696,-1.387844,1.221744,0.48766646,0.7033329,-1.4980353,-1.344299,0.14531681,-1.2958031,-0.6241903,-0.42529264
324,-0.84790826,-0.4689936,1.0,1.0,-0.03973802,-1.1558175,-0.007377428,1.0,1.0,0.8561604,0.42519486,1.3956057,0.9640315,1.2880028,-1.5412195,0.56333065,1.1358801,0.66360146,-0.06300864,0.81449085,0.5362572,0.75036544,0.19680677,1.1817725,0.70905524,0.42573586,1.0269012
325,-0.009146666,0.22075239,0.0,1.0,1.1838022,-0.44921184,-1.36338,1.0,0.0,0.22073187,1.4458308,-0.93503404,0.025904292,1.402472,0.34082267,-1.0540196,-1.3323214,-0.6393276,-0.7024232,-1.3185724,-0.3022842,-0.43840364,0.42363888,0.8728503,-1.5443088,-0.08770882,1.3976719
326,-0.40784082,-0.31927693,1.0,1.0,-1.5464774,1.2018229,1.621942,0.0,1.0,1.6820674,1.5349368,1.1620631,-0.34042734,-0.41889954,0.47846174,-0.11816206,-1.0096828,-1.1332675,0.7532314,0.65499043,-0.71364003,0.44514,-0.32471028,-0.43007118,1.1103958,0.7296281,0.67043275
327,-0.42746168,-0.4999736,0.0,0.0,-0.7500285,1.6604706,-0.42238522,1.0,1.0,-0.58327585,-1.4250531,1.7564731,0.19815034,0.8238658,0.8094106,0.9064313,0.28836796,1.5220498,-0.5738917,-0.96481526,-0.043433625,0.007923857,-0.0015407786,0.7307013,-0.12685272,0.72172534,1.1284343
328,-1.1161357,-1.5391015,0.0,1.0,-1.5796013,-1.4644973,-0.082173586,1.0,0.0,-0.07432966,0.6999842,-1.2087591,0.7654028,1.6672533,-0.5774705,0.061235856,-1.2096652,0.90558165,-0.25593275,0.5896628,-1.4595982,-0.1336203,-0.95081925,-0.21123405,-1.1290581,0.5362548,-1.455192
329,-0.33179384,-0.639955,0.0,0.0,-1.2855619,1.0477023,-0.51351535,0.0,0.0,-0.33198482,-0.5761658,-1.1635709,1.0546696,0.40998477,-0.0883148,-0.607979,1.7115755,-1.3227867,1.5755324,0.8027504,-1.3568593,0.96331906,1.0431284,-1.6054701,1.2677447,-0.24326585,0.66987354
330,1.9523071,1.9388325,1.0,0.0,-0.06305707,0.034146335,0.61803037,0.0,1.0,0.80881697,1.1614366,1.2949226,1.0042304,-1.501059,1.2758031,0.59570736,-1.102335,-0.8220326,1.6905525,1.5784076,-1.3536308,1.1394094,-0.67468417,-1.3048948,-0.4077296,-1.6984805,0.1324229
331,-0.94478446,-1.332074,0.0,1.0,-1.5465413,0.56686425,-1.1494681,1.0,1.0,1.6466261,0.4204091,0.22778046,0.45224884,-1.6770111,0.5762701,0.014659717,-0.5887256,-0.31324527,0.78149337,-0.5685612,0.12063778,1.0180997,0.58011746,0.7462996,-0.18304528,-1.7089733,-1.6970294
332,0.093356,0.24854676,0.0,1.0,-1.51657,1.3631777,1.3134279,0.0,1.0,-0.75395316,1.1185842,-1.4372185,1.3616782,1.095848,-1.1430151,0.23860843,0.49246126,0.1443061,0.7647011,1.3973126,1.1170802,-0.0663191,-0.15586014,1.4262094,-0.337699,-1.6918159,-1.0672132
333,-1.8285432,-2.2201524,0.0,1.0,-1.4731627,-0.99364704,0.2644101,1.0,1.0,1.5300251,-0.06171423,1.7081801,1.2839276,1.6314178,-0.18771718,-1.4246367,0.8346823,0.5273981,-0.6579234,-0.6056535,1.5885837,-1.6804299,0.8118698,-1.3848164,0.20721419,0.9032317,-1.5826783
334,0.39569837,0.74322796,0.0,1.0,1.3437334,-0.8307291,-1.2597764,0.0,0.0,1.5055095,0.6955092,-0.78598565,0.16504417,-1.3689878,1.3073769,-1.1044377,-0.75089794,-0.08144111,-0.044589065,0.9638613,0.16320898,0.38286626,0.8261893,1.2025871,0.8515481,-0.5023707,-1.6216867
335,0.8267234,0.21522102,1.0,1.0,-1.2781591,-0.6142515,-1.7819855,1.0,0.0,-0.7294783,1.1451011,-0.7188464,1.390463,-1.2229141,-0.3441676,0.29291597,-0.37386096,1.0972003,-1.2393736,0.27346593,0.69683236,1.3894316,-1.3868003,-1.6566703,-0.17117156,0.5750793,-0.47286892
336,1.2552665,1.4003919,1.0,0.0,1.3066224,1.030748,-0.98429346,1.0,0.0,0.25942686,1.3925261,1.4048892,-1.6271787,-1.6788964,0.091504164,-0.066417694,1.2056279,0.5422164,1.085009,1.0707989,0.08277404,0.15067765,-1.4962736,1.4549059,-0.11888148,-0.80039567,-1.4562904
337,-0.5891199,-0.026940173,1.0,0.0,0.9082752,-0.94345725,1.316242,0.0,1.0,0.7564415,-0.7571296,-1.4254199,1.0757526,-0.29996133,-1.4519584,1.283222,0.21963394,-0.67529005,-1.1722062,0.11069108,-1.6099796,-0.0053757546,0.015420311,0.8006872,-1.7257327,1.4875073,-1.314519
338,-0.98688227,-0.60585374,1.0,1.0,-0.53283465,-0.30331007,1.4880364,1.0,0.0,1.2591786,-1.6491923,-0.44530177,1.4958456,0.7678803,0.9331166,-1.4662015,0.7053083,-0.88574773,0.14392893,1.4679767,-0.37976825,-0.7499453,0.4909657,0.054192066,0.93347365,1.5874538,0.49800822
339,0.80204237,0.5731478,1.0,0.0,1.6675848,0.07741218,0.8247171,0.0,1.0,0.7951379,-1.2231537,-1.0124315,-0.7313164,-1.495014,-0.68691427,0.31683812,1.5274239,0.75895953,-1.6497357,-0.49218073,0.13946953,-1.4294511,-1.1097783,-0.52008104,-1.232349,1.3725873,-0.9615496
340,-0.308363,0.2717853,1.0,0.0,-0.81544405,1.6193929,0.02370914,1.0,1.0,-0.55715877,0.60792476,1.3587394,-1.6796771,0.73149,-1.4839509,0.09082812,-0.23139863,-0.81242144,0.7976864,-0.8120889,-0.76630646,-1.0945226,1.2927514,0.560359,1.242796,-1.4505979,0.63142323
341,-0.8008224,-0.7829552,1.0,0.0,1.2281313,1.1176609,-0.21944892,1.0,0.0,0.36648828,1.2011061,-0.199387,-0.69145,1.2604258,1.4800923,0.75814974,1.687297,-0.21589465,-1.4535229,-1.620931,-1.6391157,-0.10490963,0.41031086,-0.9844554,1.4940989,0.15365717,-1.4322171
342,-0.89052653,-0.7301332,1.0,0.0,-1.1914515,-1.0888371,0.5632742,0.0,1.0,1.0679677,-0.81023073,1.0453953,-1.3178506,-0.59752285,0.9029708,-1.6278074,0.9910402,0.30398396,-0.99688256,-1.080809,-0.7567554,-0.9072954,-1.4803927,1.2108228,0.9767643,-0.54078364,1.2870638
343,1.2071835,1.1873213,0.0,1.0,1.5737786,-0.24707882,0.037775654,1.0,1.0,-0.053042956,-1.3621635,0.28053814,0.04045852,0.05217061,-1.0744396,-0.55349845,-0.032044902,1.5327511,1.271084,0.8195098,-0.56587094,0.42541477,0.7147696,-0.8061405,-0.7534125,0.9183007,0.68296355
344,1.0812207,0.31736544,1.0,0.0,0.6715625,0.29364502,-0.062939316,0.0,0.0,-0.26423982,-0.9717972,0.7744582,-0.80373317,-0.98695403,0.17237571,-1.1332209,0.64306504,-0.7590363,-1.5280308,-1.3766018,1.4669758,0.7662266,1.4370551,0.30176604,0.9438849,1.6728529,-0.8615946
345,-0.3836694,-0.13301086,0.0,0.0,-1.082951,1.0038222,1.5684587,0.0,0.0,0.08294419,0.5287455,-0.31469077,1.095892,1.03398,1.153993,1.5038515,1.68946,1.0631089,-1.0931355,1.2687557,1.5663288,-0.7993038,0.88489306,-1.220389,1.3533995,-0.59975886,1.2821176
346,0.4482409,0.639357,0.0,1.0,1.657701,0.20380771,1.1439157,1.0,1.0,-1.4425174,1.4043533,1.0857899,0.14982557,-1.6966294,0.39320767,-1.6931472,0.7762354,0.644424,1.0629201,-1.3499116,-0.5133334,0.52424055,-0.31241626,-1.3551762,1.1433941,0.17094746,0.82873666
347,-1.4725466,-1.13911,0.0,1.0,0.6505709,-1.5590231,0.6699895,1.0,0.0,0.26673847,0.18666981,0.8283885,0.3103734,-0.6446654,0.8815666,-0.5112809,-0.0195534,1.3521214,-0.89599395,0.31154102,-0.9430784,-0.38216713,0.12719281,1.20951,-1.7535291,-0.7084811,1.1900848
348,-0.01943321,-0.44730997,1.0,0.0,-1.6146045,-0.13451429,1.0852234,1.0,1.0,-0.8233462,-1.2232953,-0.88452834,1.1615112,-0.2523055,1.0112039,-0.9370061,1.1804469,-0.535905,1.5395173,-1.396331,1.5586956,1.5420231,-0.28554514,0.9774527,-1.7227257,-1.7251844,-0.06461058
349,0.14979573,0.5034393,1.0,1.0,-1.664644,1.6620567,-0.60605913,1.0,0.0,-1.7056264,1.3434987,1.4665886,1.0695356,-0.9228338,-0.61942583,-1.2991914,-0.9916932,1.6867557,-1.2472143,-1.5517331,0.31677982,0.38152432,-1.2221781,1.628174,1.4774888,-1.443973,-1.3503059
350,0.3049595,0.02173219,1.0,0.0,-0.4498718,1.0286139,0.08406543,0.0,1.0,1.7185129,-1.5584276,0.95183676,1.1280317,0.88895744,-0.5598716,-0.4013773,1.6459557,0.04636166,-0.93087226,-0.865165,0.055768136,-0.4604008,-0.76214796,-1.4947791,-0.37627116,-0.74031746,1.2673149
351,-0.3405881,-0.85476017,0.0,1.0,1.2840334,0.056143157,-1.5322152,1.0,1.0,0.033648826,0.44068596,0.3182492,0.3164207,-0.85987514,-1.3948907,-1.7517627,0.8927678,1.5418247,1.1771104,1.1271229,-0.9059514,0.09891788,0.011202063,-0.6819546,-0.7829252,-1.2863022,-0.7096937
352,0.9632148,0.5124588,1.0,0.0,1.3360479,0.36071354,1.0984553,0.0,1.0,1.3881804,-1.3147427,0.49938712,-0.0061441935,-0.043582592,0.20827211,-1.0363693,-1.4611169,1.3162689,-1.0441319,0.66690797,1.6908393,-1.6692467,0.73973906,0.3534989,-0.078275576,0.8888948,-0.026211657
353,-1.1499233,-1.0594935,0.0,0.0,0.2772322,-0.48587236,1.65473,0.0,0.0,-1.3966836,0.109423876,1.5300038,-1.6705619,-1.5270673,-0.33287084,1.6169317,1.1704627,0.32448664,1.2025379,1.4199332,-1.2420678,-1.6140625,-1.071497,-0.8735509,-0.16656289,0.6913646,-0.10966805
354,0.8111585,0.6334952,1.0,1.0,1.2891382,-0.47630054,0.9724354,0.0,1.0,-0.5416428,0.6439695,1.7483984,0.21460198,0.18599924,-0.07603549,-1.678142,-1.1717469,0.27253422,-0.6213832,0.6602042,0.3245518,1.308266,1.2227318,1.6288633,0.35065928,0.63738865,-1.4858015
355,-0.2093778,0.46804863,1.0,1.0,-0.08313887,-1.4934582,-1.6488765,0.0,1.0,0.104729794,0.45056367,1.1949697,0.72819644,-0.331455,0.65929985,1.285473,-0.52861005,0.13610332,-1.511434,-0.15109807,-1.1759123,0.12804414,-1.3947283,1.3964968,1.3369434,0.57227063,-0.084493876
356,0.49919888,0.85076326,0.0,0.0,0.80720776,-1.071347,-0.427497,1.0,0.0,0.44474944,0.87792426,-0.14138585,1.2153774,-1.0830739,0.089541614,1.2583537,-0.10924043,0.1043216,-0.45218533,-0.6478955,-0.21823074,0.10030403,0.29344335,-0.63481903,-0.72358614,0.17451258,-1.6507686
357,-0.83020854,-0.32611364,0.0,1.0,-1.2684611,0.16782928,0.06427277,0.0,1.0,0.08013131,0.9005202,1.0253285,-0.38266727,1.1414443,-1.489858,1.6285633,1.0420554,0.43093437,0.72988635,1.1185368,-1.3643756,0.0036251405,-0.24377985,-0.470514,0.97416824,0.2314633,-0.11757731
358,0.60544914,0.53416175,0.0,0.0,0.07172275,-1.0550466,-0.40484765,0.0,0.0,-0.54402554,1.1270384,-0.4026404,0.9956187,1.674103,1.3368174,0.6968407,0.919011,-1.1065353,1.3032831,-1.3471482,-0.2691883,-0.64452034,-0.019537346,-0.6017725,1.3430274,1.3164618,-1.6210016
359,-0.85273516,-1.3249483,1.0,0.0,-0.95712405,-0.7499506,1.533196,1.0,0.0,1.3787299,0.7820586,0.37735653,0.36326832,-0.90525115,-0.34883922,1.1954213,0.6874143,0.7664001,-1.656801,0.34393892,0.11150446,-1.210427,-0.692119,-0.9252987,-1.2842746,-0.8270254,-0.9086571
360,-1.4059205,-2.1090837,1.0,1.0,-1.4110098,-0.8482844,1.3881823,0.0,1.0,-0.81940114,-1.6407318,0.01796488,-1.1933388,0.7149621,-1.2323754,0.45519903,-0.2818004,-1.2095026,-0.6747319,0.36049226,-1.4670997,1.2833685,-1.1047009,-0.93004847,1.4537909,0.085372366,0.66631424
361,1.7833669,1.6858015,0.0,1.0,0.8690348,-0.43890688,0.21730927,0.0,1.0,-1.2406136,-0.3014257,-1.2076339,-0.84459335,-1.6992332,-1.4976071,-0.8936657,-0.19306538,0.7075418,0.01100024,0.8544445,-0.6110516,1.079163,0.66578835,1.0891033,1.2299287,-0.3407779,1.2095195
362,1.4958357,2.0560598,0.0,0.0,0.0708371,-1.541595,-1.1354383,1.0,0.0,-0.78522915,0.28323376,-0.7333286,-1.4930663,-1.028822,0.52057123,-1.6505024,1.3289844,0.9007599,0.48483136,-1.267922,-0.05909661,-0.22238356,1.1617665,-1.0429794,-1.2467512,-1.5048552,-0.80887
363,0.4824064,1.0345836,1.0,0.0,-1.4533927,1.3959993,1.67927,0.0,0.0,-0.16067354,0.04340287,0.4043489,-0.94850737,1.2100431,-1.5590397,-1.0748785,-0.09139041,1.6488308,-1.2249492,-1.4587505,-0.668649,-0.3150917,-0.86575556,-1.0134345,-1.7513878,0.07696432,0.34637532
364,1.2407445,0.51597494,1.0,0.0,1.0120265,0.0004305817,-0.29978025,1.0,1.0,1.608099,-0.6006136,-1.3406581,-0.20425761,-0.5378762,-1.741663,1.1050378,-1.7433304,1.6554787,0.8096368,-0.0035829188,-0.8164527,-0.25750202,1.4184003,-0.7873331,0.56569785,-0.41462228,1.6765078
365,-0.24364108,-0.12260677,0.0,0.0,0.23901635,1.5871918,0.14490886,0.0,1.0,1.0566634,-0.6258217,1.5794979,1.5385516,1.2275771,-1.0388924,-0.22674173,-0.251967,-1.24498,-1.4648805,-0.105249874,-0.7016392,-0.47817698,0.59974647,0.3994726,-0.8082225,0.13867685,-1.0658501
366,-1.1660168,-0.85471135,1.0,1.0,1.1548018,1.54535,-0.2413248,0.0,1.0,0.8645424,1.5063477,-1.342904,0.89371514,1.6703662,-1.0361413,-0.009302664,1.2282692,-1.4497607,-0.09817628,-0.7109729,-1.4921862,-0.44842383,0.6421888,0.25457156,-0.36113918,1.4279848,-0.34939626
367,-0.37340423,-0.8050694,0.0,1.0,-0.49539292,0.5798703,-0.08748041,0.0,0.0,-0.8451257,1.1679264,0.014913305,0.20186944,-1.524573,-0.5247482,0.63406175,-0.55725026,-0.91200435,-1.7205766,1.5669379,1.3975296,-0.1207803,0.28011444,-0.04918435,-0.9511304,-0.64297974,0.3317466
368,2.834733,2.8423986,0.0,1.0,-1.5395111,-1.0600724,-1.4413264,1.0,0.0,0.66998774,-0.32902876,0.24547744,-1.4016355,0.31234455,-0.38306427,-0.17419916,-1.5302415,0.60162085,-1.015195,0.51362294,-1.6509668,-0.93687403,1.2571169,1.6607877,0.4495253,1.0263076,1.461699
369,-0.15232408,-0.46869722,0.0,0.0,0.23175724,0.21628973,-0.6906713,1.0,0.0,0.3725926,1.6467988,0.5313012,1.1208751,0.28954276,-0.03599622,0.7263231,-1.0804701,1.0885414,0.75644034,0.41035807,-0.7809609,-1.4209566,1.0795118,-1.3872424,0.0015921898,-0.4292154,0.35374066
370,-1.8390827,-1.7703313,0.0,1.0,-1.4524723,-0.5776875,1.4123373,0.0,1.0,1.5255867,1.1767073,-1.6483425,-0.017447827,-1.5329357,1.32904,0.9900089,-0.1922786,-0.33855158,0.69571203,-0.8219879,-1.1970927,-1.717818,0.42054436,-0.68029547,0.10871564,1.1334217,-0.32504374
371,-0.6293619,-0.5396182,0.0,0.0,1.6602609,-1.2305425,1.108152,0.0,1.0,-1.5759836,-0.532481,-0.2702173,0.3205278,0.025656853,-0.22408642,-1.7632872,0.075031176,0.29564932,1.1625605,-0.33042777,-0.16277823,0.9037109,1.6273965,0.8944028,0.9580078,1.1751846,0.64290994
372,-1.489715,-1.6319304,1.0,1.0,-1.2497545,-1.6252507,0.71761346,0.0,1.0,1.6414735,1.6789801,0.62103677,0.049159456,-0.36513823,-1.0246065,0.0096820155,-0.70282125,-1.0318774,1.0208558,-1.6036667,0.67969865,1.446613,-1.1563646,-0.53245765,-0.25486276,0.16620032,1.4863559
373,-0.4910114,-0.53998333,0.0,1.0,1.332876,-1.2754377,0.24411294,0.0,1.0,-0.32445252,0.99407715,1.1211612,0.7626519,-0.435155,-0.08987647,0.60523665,1.1257304,-0.17223234,0.7568889,-0.70837164,-0.022325145,0.37304014,-0.45050928,-1.0787435,-0.66796786,-0.7820105,0.45364755
374,-0.38371217,-0.6815961,0.0,0.0,0.72412086,0.82311094,-1.55103,0.0,0.0,0.5718182,-0.07424802,-0.9217749,-0.68235505,0.42770872,-0.048289787,-0.6722177,-0.3185177,1.2410576,0.34207073,0.37459517,1.5511826,1.3013009,-1.6589069,1.3047453,1.4765781,-0.9346435,-0.64277256
375,2.072433,2.1210358,0.0,0.0,1.0741893,-1.3163376,-1.4946855,1.0,1.0,-1.0300171,-0.11627305,-0.8559793,-1.21625,-1.2206265,-1.3221338,1.3644812,0.29511702,0.6952817,-0.98557025,1.3231906,-0.01922469,-1.7574751,-0.49208897,1.2413919,-0.18470094,0.96400213,0.31923702
376,-0.57019687,-1.9807688,0.0,1.0,-0.483769,0.06628968,1.4107738,0.0,0.0,1.4644306,-0.82227004,0.9064321,-0.18638118,0.08003187,0.71785337,0.71702653,-1.1109114,-1.010652,-0.9690254,-1.670873,-1.2477621,-1.5016038,-1.194432,-0.9778604,0.34091818,-1.6166768,-1.4956776
377,-0.75844866,-0.54853183,0.0,1.0,1.1316415,-0.8957581,1.4983706,0.0,0.0,-0.103031054,1.4016956,-0.9548343,0.16874559,1.2230122,-1.4348392,0.405293,-1.4161273,-0.31549624,1.1517406,-1.3458546,0.111913376,-0.7154018,-1.3267819,-0.94547516,1.2584743,-1.0664532,-0.0334517
378,-0.26363394,0.19199294,0.0,0.0,0.21982002,0.43630958,-1.3171253,1.0,0.0,0.37249792,-0.6171762,-0.67035276,1.4912062,1.1173095,1.3678788,-0.66590744,0.8017346,-0.76424253,0.48407468,0.6499394,1.2781522,1.5057286,1.5898834,-1.2077781,1.4246683,-0.82192147,1.50166
379,-0.7555273,-1.3350428,0.0,1.0,-0.09528911,-0.060261905,-1.6020415,0.0,1.0,0.11216297,1.126637,-0.91552544,0.33575916,-1.6427155,0.26692644,-0.42644453,-0.58013225,-1.1371347,1.4536976,-0.733947,-0.3490984,0.8577887,-0.4074258,0.44257915,-1.3084531,-1.6795121,-0.4706201
380,-1.3241144,-1.4094497,0.0,0.0,1.0698749,-1.6433896,1.4078301,0.0,0.0,0.48147336,0.28661776,-0.03791322,-1.2280918,0.25682157,-0.38826302,1.2518934,0.8085617,0.49671644,-0.55856776,0.639393,0.84372294,-0.44343138,-0.8605949,0.37623882,0.06568122,0.10417528,1.7344233
381,0.06597967,0.32423723,0.0,0.0,-0.2532222,1.6673397,0.60172415,1.0,1.0,0.5627952,1.5202341,1.6978976,0.74094117,0.9434456,1.2192756,0.6678581,0.5537457,-0.07623835,-0.97948337,0.552313,-1.4845504,-1.3592694,0.9473901,-0.9982535,-1.1519524,-0.2691152,-0.6535606
382,-0.5483326,-0.85888875,1.0,1.0,-1.6934465,-0.66588247,0.53768736,1.0,1.0,1.4849035,0.9714157,-0.94875735,-0.5925249,-1.4119922,1.5160618,1.4773391,0.29123268,0.82441735,1.6204586,-0.8350076,0.020310696,-1.4143108,0.43241823,-0.7528899,0.30745772,0.6909854,0.7659413
383,0.38584018,0.08436691,1.0,0.0,0.64502853,1.4675133,1.0209378,0.0,0.0,-0.71402526,1.330467,-1.1847755,1.0211723,-1.5455552,1.3690535,1.0433047,-0.869588,1.6975615,1.3946725,-0.29482788,-0.6725414,-1.7521333,-1.3501416,0.57711095,1.0571698,-1.7181442,1.1628132
384,-1.4147661,-1.4430366,0.0,1.0,-0.83457184,-1.3580595,0.70552933,1.0,1.0,-1.3560832,0.1257676,1.3147243,-1.2937391,-0.9260404,1.4469346,-0.7794581,1.0422782,0.5405255,0.33078665,0.3407229,0.4603645,-0.30175588,-1.662471,-0.029295059,-0.47090462,-1.3643534,1.32033
385,-0.6702247,-0.3456546,1.0,0.0,-0.5786477,-0.759022,0.32977736,0.0,0.0,1.0553194,-0.11215142,1.5721691,0.72722006,-0.014801825,-1.7460121,-1.4452153,-0.75391227,0.8292265,-1.448103,0.90887976,0.20162116,1.5681065,-1.2731395,0.95671165,1.1984785,-1.2493678,0.4450349
386,1.2356143,0.62816226,1.0,0.0,1.6211334,-0.36653048,0.10734402,1.0,1.0,-1.0048546,-0.5547418,-0.4058273,1.1448961,-1.219544,-0.8763099,-0.37807494,1.163153,-0.209488,-0.76604056,-0.6819872,1.6141654,0.25216138,0.8149131,-1.3895587,0.91366553,0.88142365,-0.89590716
387,-0.45964742,-0.3574748,0.0,1.0,0.9128052,0.9991521,0.58588296,0.0,1.0,0.8453498,-1.4248651,1.4616778,-0.8735034,1.4571298,-1.0329041,1.373508,-0.06610022,0.34041852,-0.41228452,1.2522746,-0.8021409,0.7949034,0.7765167,1.6650074,0.06340905,-0.061669163,1.5346401
388,-0.6147835,-0.38104817,1.0,1.0,-1.6215445,-0.39577675,1.1246969,1.0,1.0,0.29082686,-1.586999,0.9852489,0.17482774,-0.14826979,0.030342547,-0.2979461,-0.9381587,-1.3376042,-0.93925273,0.90723646,-0.4465758,0.7669001,0.60512775,-1.1519792,0.96306187,1.0215963,1.5158771
389,0.14132798,-0.46077105,1.0,0.0,-0.101664715,-0.88959444,1.087443,0.0,0.0,0.9645897,-0.95608336,-0.69733244,-0.8539339,-0.3993131,0.8690142,-0.9936892,-0.11128635,1.0110898,-0.2769776,-1.2719042,0.9359375,0.7070016,-1.2341402,1.0903817,-0.059983745,-1.0142449,0.44647217
390,0.45426118,0.5195949,0.0,0.0,1.6329174,-1.1558512,-0.35883865,1.0,0.0,0.886878,0.6069807,-0.16618018,1.4821929,0.685023,0.18504591,-1.478831,1.1361719,1.5034965,0.70663095,0.6203462,-1.3889331,-0.34938022,-0.6512778,1.5913129,-1.7468117,-1.0392439,1.0804178
391,-0.72083807,-0.08549668,1.0,0.0,-0.4924494,-0.7535136,0.0063731144,0.0,0.0,1.2857356,0.37713066,-1.6554629,-0.6570374,-0.72713244,1.052354,-1.2770878,-1.0822593,-1.4250454,0.21057098,-1.2682146,1.4606276,-1.2450228,0.4348946,-0.8957301,1.385349,-1.2093855,0.61226815
392,-0.48081735,-0.48307458,0.0,1.0,0.9202325,0.9103337,-1.2780808,0.0,0.0,-1.5567843,-0.34811404,-1.0222571,-0.40734047,1.2692957,0.41856524,0.3434828,1.120813,0.092797495,1.4572545,0.8804162,1.659978,1.1837696,1.5390961,1.7389191,-1.4421533,-1.3251466,1.0005089
393,-0.95234364,-1.022451,0.0,1.0,-1.6354839,1.038703,-1.0885606,1.0,1.0,0.46219093,0.6058418,-0.17145868,0.43943214,1.5701336,-1.6320277,0.56898,-0.7471576,-0.29471955,-1.0643878,0.85881436,1.650335,-1.2073498,-0.5293326,0.13854581,0.048444845,1.6055821,0.41108963
394,-0.34515363,0.28603464,1.0,1.0,0.082996815,-1.6690841,-1.2553142,1.0,0.0,0.39349875,0.3104089,-0.83015144,-1.1291485,-1.0732473,-1.0342033,-0.2516856,1.0876639,-0.25522888,-0.8648053,-0.61299604,1.339621,1.3387054,0.5565426,0.0704733,1.276231,-0.14883077,0.94020903
395,0.4727027,0.21808326,1.0,0.0,0.72404397,1.2362181,0.7523807,1.0,0.0,0.37214166,-1.493401,-0.08035121,-0.10605278,0.5826202,-0.021220537,-0.15058418,-0.36041984,-1.0808189,-1.677294,-0.5623465,-0.9378862,0.98989284,0.68065846,-1.638064,-0.19158722,-0.75991917,-1.528278
396,0.4237501,0.35239583,1.0,0.0,-1.0613267,1.3260055,0.16140604,1.0,1.0,1.6652089,1.3600291,-0.48800322,-1.6435755,1.6588346,0.38211173,0.18316227,-0.99082375,-0.6091831,1.6368302,-1.5809785,-1.4905314,0.72452843,-1.6753263,-1.5895338,-1.2197852,0.96708727,-1.2008228
397,1.0727457,1.661122,0.0,0.0,1.6210923,-0.94917464,-0.49795607,1.0,1.0,0.96196795,0.41051403,1.4749174,-1.6963091,0.98203987,-1.4737259,-0.17176698,-1.3895824,0.8728035,0.6105016,0.81043094,-1.52875,0.7557907,-1.4452772,0.81890285,-1.027687,-1.6793398,0.87853813
398,1.5302912,2.3047776,1.0,1.0,1.2640139,-0.048365418,0.09244472,0.0,1.0,0.59694076,0.6504511,-0.8353123,1.3151062,0.2896398,0.56595457,1.0638647,-0.04260716,0.28888774,0.16614763,-0.1106129,-0.69215506,-0.84454405,-1.4597791,-1.4422021,0.8234202,0.6361143,0.6693645
399,-0.58394057,-1.055861,0.0,0.0,-0.81538224,-0.22978179,-0.9739765,0.0,1.0,0.03247944,1.4238425,0.61572033,0.758,-0.8833105,0.39210296,-0.931522,1.0574214,1.6602423,-1.2082433,0.23743609,1.1013367,-0.81536174,1.0122935,0.2832022,-1.3147264,1.0304139,-0.66800064
400,0.5064046,0.42220706,1.0,0.0,-1.3189797,-0.9523977,-1.0928113,1.0,0.0,1.0642177,1.3828222,0.99128276,-1.3958782,-0.64440495,1.2384082,0.722752,0.37829056,0.50431323,0.63589865,-0.5359935,0.45774448,1.0426387,1.5188072,-0.8277802,-1.1670617,1.6764802,0.0067457296
401,0.95641625,1.1689969,1.0,0.0,1.465075,-0.11171307,0.80728745,1.0,0.0,0.6645017,1.4359728,-1.0043278,-0.95669454,0.23593408,0.022852046,-1.2453501,1.4570721,-0.58250123,-0.20814219,1.574507,-0.28981093,-1.4574183,1.6694981,1.573678,0.9147669,-1.6698102,-0.24532837
402,-1.7508861,-1.1906321,0.0,0.0,0.44393745,-1.1801835,1.4959314,1.0,0.0,0.83251894,-0.5742742,1.4821119,1.4792203,0.7687418,0.55715114,1.4178001,1.1095057,1.0506878,-1.3326298,-0.051442154,-1.1616614,-1.51047,1.7119733,-0.21391848,1.3738203,-1.6595329,-0.7285708
403,-1.134389,-0.9318411,1.0,1.0,0.45249817,-0.22817633,1.5966526,0.0,1.0,-1.3622192,-0.43008277,0.046765752,-1.1939692,0.26517972,1.4274201,-1.5381517,-1.2113825,-0.7891437,1.6670066,-0.18029863,0.37424964,0.9206562,-1.24637,-0.9243758,0.54847515,-0.07963452,1.5487553
404,0.391041,0.1293137,1.0,1.0,1.1538402,1.2674018,-1.2177124,0.0,1.0,-1.2440201,1.3997607,1.1413004,0.9771241,0.30076748,-0.4988065,1.1591269,-1.7252038,-1.4101444,-1.3698308,-1.5546541,-0.6161469,0.5412036,-0.22643335,1.1579237,0.5252955,-1.1007411,-1.2809381
405,-0.8925025,-0.5428168,1.0,1.0,0.95845646,1.5237477,1.2381675,1.0,0.0,-1.0754681,1.2844051,0.80822796,0.9954754,1.0817207,0.5202486,0.26248434,1.3977293,-1.1860409,0.2809209,1.032138,1.3257029,0.43557206,0.009782772,-1.5875347,-1.5400285,-1.0184802,0.21826632
406,-0.23736124,-1.2185011,0.0,0.0,-0.4702281,0.8016763,-0.35447076,0.0,0.0,-1.7719498,0.8878015,0.8669387,-1.0104266,0.99633604,0.058124606,1.2199017,-0.096519314,1.1756521,-0.69546074,-1.0367883,-1.268751,0.16053581,0.37798086,-0.7768807,-0.8514141,-0.5109661,0.38669834
407,-0.05249903,0.009903497,1.0,0.0,0.63389105,0.44494912,-0.9766676,1.0,1.0,1.3723098,-0.72969604,0.79279464,-0.38691196,0.2403783,-1.0861995,0.49229515,1.3772306,0.63389933,-0.8320036,-0.07399232,-1.1954672,-1.001848,0.27204517,-1.3445506,1.349471,-1.6159137,-1.5366305
408,0.67393935,0.999974,1.0,0.0,0.8424004,-0.7013993,0.13947694,1.0,0.0,0.0018711566,1.2965227,0.25801006,0.7063232,1.3025662,0.69614035,0.45641866,-0.06279005,0.44434118,-0.7076785,-1.175533,-0.08911172,-0.6628523,-1.0804236,-1.2524596,-0.22116975,1.3499144,0.15128732
409,-0.008840302,0.4794953,0.0,1.0,-0.84436804,1.5598644,0.8571081,1.0,0.0,1.4079038,-0.59347665,1.5866954,0.46897954,-0.6830477,0.32989046,1.0402584,-0.35807568,1.4961344,0.58705306,-0.6045881,-1.320609,0.92576903,0.0030329947,-1.0117351,0.9598048,0.28796875,0.18145405
410,0.5398559,0.7374708,1.0,0.0,-1.6442474,-0.44495797,-0.58013,0.0,0.0,-1.397639,0.92892605,-0.30397597,-1.3082988,-1.6349036,1.2462425,-0.24904554,0.79959303,1.7004989,-0.45119283,0.5207822,1.4227532,1.5450315,-1.2078757,-1.1536844,0.30466715,-1.1048092,-1.4799174
411,0.105051175,-0.5234244,1.0,0.0,0.67627126,0.20467979,-1.0485858,1.0,0.0,1.7024806,-0.6327776,0.5079112,-0.50740767,1.1417444,-0.8083252,-0.80555385,1.6743942,0.45946193,1.4681402,0.47479078,-0.8602779,-1.6789277,-0.19400133,-0.6416579,1.5376832,0.015976435,1.1023799
412,0.38311908,0.7972442,1.0,0.0,0.57211655,-0.9072788,0.31644595,0.0,0.0,-1.7493775,-0.046378326,-0.8285388,-0.21518593,-0.2953108,-1.4964129,1.3011256,1.092439,-1.5135217,1.541576,1.6820009,0.68660617,-1.6552522,1.5315975,-0.33522716,-0.14177883,-0.40337268,1.2897824
413,-0.5764601,-0.8115883,1.0,1.0,-0.5647461,-1.5829221,1.710083,0.0,1.0,-1.1202527,1.1295038,-1.0213639,-0.13790262,0.41633642,-1.3351271,-1.1245716,1.5182742,1.7032253,0.991762,-1.1518373,-0.2530667,-0.97591215,-0.90691614,0.3549239,-0.54686296,1.2514533,0.8083684
414,-0.21623597,-0.41789308,1.0,0.0,-0.44490674,-1.0318065,1.067042,0.0,1.0,1.1412154,-0.026997352,0.49702135,-1.4115875,-0.20980252,1.2261515,-1.7430284,-0.7634869,-0.9285261,-0.46690664,-0.40213305,0.55116427,1.4749129,0.11376191,-1.4056325,1.1138924,-0.6546317,1.2817004
415,-0.96565866,-0.45970967,1.0,1.0,1.2010663,-0.940463,1.6692666,0.0,0.0,1.3193672,0.40238696,-0.8401766,-1.2649841,-0.2701614,-1.3034266,-0.038747076,0.654823,1.6501852,0.65885127,-1.6544539,-1.3331946,-0.10341924,1.3341457,1.1523077,0.49803847,-0.40586486,1.3260874
416,0.36932513,-0.49949592,1.0,0.0,0.0270268,-1.630538,1.1479584,1.0,1.0,1.2153362,-0.57864255,-0.20158742,-1.4765851,0.74570984,0.35672522,1.3616278,-0.053647812,-1.0023006,-0.20961054,0.9319739,-1.060871,-1.649945,1.3701864,-0.9957707,1.346411,-0.9062488,1.006366
417,-1.6681587,-0.6845601,1.0,1.0,0.99550843,1.5483218,0.3180427,0.0,1.0,1.3430291,0.7819945,-0.9633566,-0.14803822,-0.47540104,-0.60754544,-0.6448827,0.51472086,-1.3866483,1.2488468,-0.2785674,-0.3607526,-1.0915953,-1.4678891,-1.615619,-1.3802813,-0.619305,1.1376088
418,0.25756976,0.6530415,1.0,1.0,0.38549635,-0.68492305,1.0543926,0.0,1.0,0.13479677,1.1971651,-0.45097306,1.3679745,1.593996,0.8893331,-1.7066773,1.1067806,0.65909594,-0.3369471,-0.13004662,1.7212157,-0.1610755,1.1307169,-1.2992718,0.36494884,-0.7353244,0.3953966
419,-0.51835644,-0.1277409,1.0,1.0,-1.3102232,-0.31242496,0.75724894,1.0,1.0,0.48634207,-0.17864805,0.9528942,1.596354,1.5501606,-1.1595358,1.1100465,-0.9655173,-1.5574452,1.4754828,-0.022163369,-0.96005714,-0.15532973,0.8935472,-0.1651768,-0.9726692,-1.0522206,-0.23035392
420,-0.61216897,-0.67908376,1.0,0.0,-1.295504,0.5945683,-1.7678818,0.0,1.0,1.6038423,-0.04783643,0.227671,-1.5814321,-1.5046442,0.7395465,-1.2028878,-1.6852188,-1.3731246,-1.1086915,1.0969727,0.626284,-1.4102103,0.37188253,0.20101108,-0.8851795,-1.218679,-0.61624455
421,0.38985434,0.69944733,0.0,1.0,0.14671957,1.2047266,-0.38576025,0.0,0.0,0.617269,0.20060945,-0.5206662,0.41164467,-1.5218658,0.74679327,0.820734,1.4131532,0.8541718,1.5059164,1.6194105,-1.6123027,0.10086222,0.8936119,1.7014734,1.0425413,1.0733202,0.9741423
422,1.2283394,1.4976544,1.0,1.0,-0.323664,1.0216483,0.42855304,1.0,0.0,-1.1092643,1.6667845,0.40287703,1.6239873,0.22985075,1.5256636,-1.3998735,1.7470036,0.05851675,-1.7315152,0.29230937,-1.2772748,-1.6251925,0.82054275,-0.6651345,-0.014114153,-0.4786506,-1.5787472
423,-1.4444182,-1.339117,1.0,1.0,0.02809891,-1.4957734,-0.40789878,1.0,1.0,-1.3537219,1.5613068,-0.81287336,-0.09642095,1.6842948,1.0233545,0.34128872,-1.109749,1.0611352,0.12826264,0.7960561,0.46691978,-1.2336901,-1.4007854,-1.4778616,1.2524554,-0.27187312,-0.17145441
424,-0.33255053,-0.9968897,1.0,1.0,-0.10740768,-1.0025963,1.3031653,0.0,1.0,0.6720661,0.44146067,1.4136388,1.1160254,-1.6419015,0.15952417,0.78709227,-1.4167099,0.5038092,0.18102679,0.76969624,0.3765015,0.7846657,0.5153111,-1.5677154,-1.7462894,-0.12056545,-0.5027188
425,1.1132836,1.3086711,0.0,0.0,-1.4149349,1.6738946,0.7338241,0.0,0.0,-0.36345434,0.26513755,1.3258462,-0.50657976,-0.33719215,1.523431,1.5733757,-0.9283386,-0.72528934,-1.3998955,0.86370325,0.2920721,1.1944941,-1.2918305,-1.0275649,-1.3075807,0.6995863,-0.19048184
426,0.7168562,0.8281141,0.0,0.0,0.42686433,0.97919995,0.4132268,0.0,1.0,1.5819799,-0.7637277,1.0728428,-0.9876491,0.6343802,0.98548675,-0.18776897,-0.9487309,0.9109912,1.2885422,-1.3161535,-0.471705,-0.9257115,-0.022930628,1.4547795,0.90299916,0.6741195,-0.51773155
427,0.58253074,0.9958858,1.0,1.0,-1.3304875,0.7107456,-0.6330365,1.0,1.0,1.2452116,0.5032853,1.3020495,0.008192099,1.2930688,-0.68658406,-0.43297175,1.2047291,-0.7153266,-0.98115414,0.50052154,-1.146476,1.5903211,0.034437194,0.18603872,-0.48240075,0.47501683,-0.90313727
428,-0.8872416,-0.70389086,1.0,1.0,-0.3935723,-1.1752149,1.3960267,1.0,1.0,-0.9820369,-1.0216968,-1.5986267,0.8590386,0.5330986,-1.0641977,-0.7140921,0.20785247,0.57188475,-0.036575947,0.52864945,0.003878844,0.95178694,0.80517924,-1.590309,-0.97650725,0.8818186,0.79089427
429,-0.7630022,-0.6445658,1.0,0.0,0.18778062,1.5369165,-0.88116884,0.0,0.0,0.2698637,1.5036262,0.9034158,0.40999925,-0.78272754,0.2626929,0.34262928,1.1610082,0.95527565,0.46867156,0.2156981,0.33417067,1.1954823,1.4805119,-1.6162435,0.15462616,0.5579044,-0.42250302
430,1.0962236,1.1703548,0.0,0.0,1.1935407,-1.0453378,-0.69211805,1.0,1.0,-0.2223401,0.3689446,1.0626534,0.76543665,1.3499436,0.4173265,-0.44985142,1.6516252,-0.97711444,0.12060272,-0.43982098,1.587649,-1.1238155,-0.1666304,0.20059249,0.025039956,0.6656454,-0.2707673
431,0.16456783,-0.48963448,1.0,0.0,-0.17229638,-1.0713916,0.79097176,0.0,1.0,-0.7568689,-1.2531321,0.18394598,1.4527698,0.32437256,-1.087443,-0.92038834,0.26300797,1.2103866,-0.03223526,-1.5772555,-0.6700715,-1.3978356,-0.056837417,0.2162108,-0.2871113,0.35695025,1.0894312
432,-1.2200801,-2.0352314,0.0,1.0,1.105057,-1.1699336,0.7510224,0.0,1.0,1.005281,-1.5646899,1.258443,-1.378767,0.0774398,-1.3217039,0.8449446,-1.6319305,-1.0670812,1.39725,-1.3576964,0.8510194,1.5343934,-0.29139653,-0.120133296,1.1893855,-0.1326244,-0.097111255
433,0.75222,0.70374775,1.0,1.0,0.8010948,0.36176655,-0.6163164,1.0,0.0,0.62059695,-0.5238843,-1.2695007,0.51607114,0.43694723,0.092489995,-1.2901002,-0.6345619,-0.4737155,-0.13191551,-0.8139445,-0.8800441,-0.7926208,-0.91980535,-0.6272653,-1.4517705,1.2566733,-0.9571419
434,-0.5353876,-0.8449708,0.0,0.0,-0.7270177,-1.5003697,1.7055147,0.0,0.0,-0.6877329,1.535324,1.0668597,-1.6512377,0.2903412,-1.6922415,-0.8564285,0.91656303,-0.54586506,-1.6590514,0.26493752,-1.6619403,1.3662599,-0.8525381,1.3914965,-1.3740102,-1.3255014,1.5328233
435,0.82265115,1.0227052,1.0,1.0,0.17637259,-0.5803788,0.32097167,1.0,1.0,1.1437849,0.023182264,-1.2672664,-0.88021886,0.3390941,0.4686521,-1.089311,-1.1523842,0.7702288,-0.36533162,0.9165059,1.488662,-0.109404095,-1.7208748,-0.64673173,0.26927802,0.9565484,-0.9316147
436,0.74783695,0.21150847,0.0,0.0,-1.6870234,-0.17628658,-0.754501,0.0,0.0,-0.45549417,0.7639601,-0.3488598,-0.9331014,-1.654303,-0.772691,-1.0122703,-0.96815675,-1.4722915,1.722128,0.67751896,0.51682866,-0.3437946,-0.21706244,-0.40398479,-0.59671545,1.4931421,-1.5630488
437,-0.870277,-1.1185423,0.0,0.0,0.39316794,-0.829243,1.1538544,0.0,1.0,0.453972,-0.20079021,-1.505214,-1.170069,-0.5281387,0.2414514,0.6544667,0.52970934,-0.34538487,0.39939085,1.1153117,0.21406512,1.3287756,0.9473235,0.56825584,-0.933961,0.2330078,0.40476215
438,1.3706193,1.6808985,1.0,1.0,-1.2118036,0.78885406,0.73125654,0.0,0.0,-0.91924334,-0.83866954,0.5885133,1.239155,-0.055961475,-0.8582023,0.49393755,0.37323034,-1.5264119,1.5969182,-1.6859299,1.0416089,1.3983045,-1.425083,-1.6559427,-1.6970747,-0.63498795,1.7083381
439,1.5725924,1.5748086,0.0,0.0,0.57049257,0.7853823,1.3503946,0.0,0.0,1.0536097,0.74357617,-0.97778267,1.4755405,-0.30950838,0.6202236,-1.5509303,-0.8516302,0.2398072,1.4645723,0.21225326,-0.66959167,-0.4543536,1.6433587,-0.82559586,1.2880443,0.46166506,0.021199873
440,-0.79459614,-1.1782813,0.0,0.0,-0.7943153,-0.086077645,-0.37842515,0.0,1.0,-0.47112066,-1.0801456,-0.6394752,-1.2435815,-1.6351998,0.032147333,1.366128,1.453945,-0.1248741,1.4995341,-0.11051697,-1.2992982,-0.26689258,0.025549412,0.6909443,-1.2141823,-1.2722132,-0.47926182
441,0.28049842,0.5247969,0.0,0.0,-0.5360577,1.5894082,0.98021257,1.0,0.0,-1.7007526,0.48611715,0.99267936,1.5490515,1.143797,1.506128,1.6082685,0.54345083,-0.80070096,0.20730923,0.06934032,0.70684683,-0.67416215,1.2877252,0.4364258,-0.020159265,0.16409284,1.7064549
442,-0.051333986,0.06614604,1.0,0.0,1.6792047,-0.9803467,-0.06566541,1.0,0.0,1.3966955,1.2818373,-0.32490838,-1.5443518,-1.4544705,1.4579922,0.25175706,-0.7285108,-1.6151184,0.2921063,-1.028445,1.0711895,0.6726734,-1.1374843,1.5417013,-0.8771994,0.24429044,-0.4732015
443,1.1572576,0.70385474,1.0,1.0,0.78946,-0.35157534,-0.38766757,0.0,0.0,0.6751965,0.09469429,0.23711921,-1.3671072,1.3349453,-1.3177006,-1.0475006,-0.8897849,-1.4725786,-1.6912216,0.46518958,0.066503264,-0.94825464,-1.2017537,0.54192436,-0.7278384,1.4275562,-0.5970528
444,1.7195842,1.4401864,1.0,0.0,1.289359,1.1747587,-1.0841624,1.0,1.0,0.38836136,-1.5822898,-0.67732203,0.64871705,0.52136725,0.20494422,-0.5376739,-0.97362494,1.3520303,0.43009922,0.07611628,1.6617447,-1.5559824,-0.9010707,0.43458983,-0.4975008,-1.6480278,0.30138797
445,-0.96991384,-0.8821366,0.0,1.0,-0.7093855,-0.46756873,0.1230558,0.0,1.0,1.3539207,-0.20232338,-0.29795685,-0.5511409,-0.31786102,1.4559339,-0.91072,0.5779604,1.7377535,1.7029227,-1.5936126,-1.5930595,0.52553594,0.9276706,-0.58301216,0.7187897,-0.47701785,0.5788761
446,1.0046206,0.9182767,0.0,0.0,0.5925564,-1.5627859,-0.44493198,0.0,1.0,1.1671902,-0.8960585,-0.96229964,-0.86335194,1.6134211,-1.1910462,-1.3502034,0.28788292,1.7662023,0.15233874,1.5367726,-0.5306852,0.13719103,0.50241005,1.1430051,1.3211372,-1.3425584,-0.77285767
447,0.9917462,0.87536067,0.0,0.0,-1.7208705,-1.0294545,-0.64589113,0.0,0.0,-0.7551241,0.022945538,0.5189726,0.7606376,-0.6672541,0.6173987,-1.2784114,-0.8311422,1.5290618,-0.3960064,1.3812894,-1.4317921,0.024452249,0.17075585,0.10394261,0.07379762,-1.5668433,0.7163215
448,0.29374054,0.05816327,1.0,1.0,1.3144163,0.8483443,-0.9416068,1.0,1.0,1.0654922,1.2429383,0.83854103,0.45602337,1.5783744,1.2788523,-0.3488365,-1.4190128,-0.3305062,0.94956034,-0.24428359,-1.6589378,-1.1967224,-0.6129631,0.59758425,-1.5795962,-0.50471705,-1.172621
449,0.09898673,-1.084661,1.0,1.0,0.11649437,-0.56934965,1.2353009,0.0,0.0,0.63143295,1.6094064,1.4578797,1.6101668,0.17112304,1.0841653,0.7980192,-1.6924946,-0.48272324,-0.7450967,-0.40089652,0.31191754,1.0531359,-0.2239926,-1.613221,-0.983495,-0.8048808,-0.47082072
450,0.4653103,0.6767974,1.0,0.0,1.0567662,-1.3798646,-1.5483017,0.0,0.0,-0.024805585,0.56562805,0.54135525,0.3995912,-0.54232997,-1.3578044,-1.1798124,1.0498121,1.2507317,-0.014168102,-1.2904013,0.023634471,1.4836966,1.504782,0.757191,-0.9043068,0.01007684,0.5623413
451,-1.301884,-1.1665177,0.0,1.0,0.06918023,1.1009808,-1.7067583,1.0,1.0,1.0559484,1.0202451,-0.27231514,0.32975098,1.3462886,1.0339164,1.5290786,-1.1402229,0.19798778,-0.65737236,-0.17794254,-1.0970147,-1.2426186,1.6333938,-1.2916448,-0.8636196,0.4569131,0.19096805
452,0.8736356,0.8132096,0.0,1.0,-0.09289753,-0.6403503,0.07286057,1.0,1.0,-0.34933066,-0.056109227,1.0079622,0.8703022,-1.3464727,-0.96243924,0.5580064,-1.6867771,-1.5487428,-1.3573283,1.0610926,-0.09314733,1.0408367,0.26623505,0.8215175,0.4390767,-1.3026462,1.5036668
453,-1.7468439,-2.5378735,0.0,0.0,-0.75341886,0.15795343,1.4075061,0.0,0.0,-1.4213655,-0.38054678,-0.5178139,1.0937358,-0.4841033,-0.30902675,0.17956932,-1.3191316,-1.313293,0.81737655,1.3360296,1.0285671,1.2866771,1.6972094,1.4313312,0.8769751,-1.121526,-1.2296983
454,1.2671658,1.082636,0.0,0.0,-1.413814,-1.6382896,-0.85680115,0.0,1.0,-0.2824154,-0.814819,-0.09300133,1.5515095,-1.4169228,1.3816797,0.568971,1.6705314,-0.2502644,-1.3602518,1.425182,0.99916285,-0.55369014,-1.1111351,-0.09110264,0.28088146,1.5733653,0.52444
455,1.1686084,1.1560715,0.0,1.0,1.619771,0.4856313,-0.35965857,0.0,1.0,-0.20498966,-1.0085475,-1.425877,1.4149976,-1.3398517,0.0146441385,-1.7358234,-1.3830491,0.4093412,0.39411524,-0.38830537,-1.0294256,-1.1983095,-1.626072,0.08701453,-0.30816942,-1.2363816,-0.6496009
456,-0.29948536,-0.40133747,1.0,1.0,-1.1658014,1.5287429,-1.7803478,1.0,0.0,-0.9827876,0.8981404,-0.87319225,-0.9254306,1.0725574,1.2858831,1.2790959,-0.7052002,0.9871515,-0.31793427,0.8003087,0.4267642,0.095732704,0.6249015,-0.30806136,-1.4615707,1.1144834,1.3689475
457,0.49315444,0.4419347,0.0,0.0,1.5027674,-0.2180922,1.5559537,0.0,1.0,-0.75891316,-0.7584262,-1.0440686,0.3997181,-0.8041827,-0.05521215,-1.2400857,-0.589634,1.7149084,1.3223068,-0.90574294,-1.0710752,-0.984678,-1.1178321,-1.6275289,-0.5031699,1.3838757,-1.1342683
458,-0.056603886,-1.0390623,1.0,0.0,0.6184332,-0.3066496,-1.1611959,0.0,1.0,-0.32570472,0.16298267,-0.6488904,0.5168192,-1.4392354,-0.17310104,0.16816792,-0.4822594,1.2451764,-1.4256411,-0.8550815,-1.5404353,0.7253413,0.1792111,1.058712,0.92127687,-0.043469563,1.0706786
459,0.09496185,0.3512594,0.0,0.0,-0.8655051,0.8465805,0.5026391,1.0,0.0,-0.42633104,-0.61660105,-1.7222716,0.337534,-0.5041137,0.5591796,-1.1589092,-0.8298599,-1.0050089,-0.20794873,1.4575402,1.7731045,-0.45667133,1.6271074,-0.20439877,-0.06786871,0.4446165,1.2641732
460,-0.93263227,-0.69425386,0.0,1.0,-0.55798537,0.61492544,-1.489954,1.0,0.0,-1.5643286,-1.6138028,0.77123344,0.33266,-0.5761874,1.2683393,-0.94074166,0.89416236,-0.5894171,0.833073,-0.4856507,0.8698439,-1.5960528,1.6985825,0.9508882,-1.0968677,1.029797,-1.0640992
461,1.7120919,1.987212,0.0,0.0,-1.4454359,-1.7016467,-1.147889,1.0,0.0,-0.6157996,-1.6113538,0.61262804,1.649388,0.35480544,0.568227,0.93932885,-0.24250592,-1.2013973,-0.83389527,-0.8397624,-1.5610248,0.7718578,-0.2989088,1.4007542,-1.1728408,-0.5218522,-1.3552505
462,0.8310751,1.3834203,0.0,1.0,-1.5437775,-0.4609049,-1.2508684,0.0,1.0,-0.21018942,-1.5070443,-0.98142254,-0.76125723,-0.79271495,1.188864,-1.4100829,-0.27429155,-0.0043064705,0.94304365,0.59678227,-0.0034281255,-0.9964165,1.0473425,-0.09956174,-0.9538086,0.9420082,-1.1259378
463,-1.2891856,-1.2090082,0.0,1.0,1.5175769,-1.5426782,0.49754462,0.0,0.0,0.7091545,1.3326291,0.8592839,0.4290682,-0.07608141,-1.6724296,-1.6106367,-1.2902489,-0.9582814,0.5722398,-0.904961,-0.087219514,1.6252248,0.59282154,-1.1901138,-0.393607,1.281455,0.69173
464,0.85789007,1.4341776,1.0,1.0,1.1927521,-0.70232224,0.4962055,1.0,1.0,0.5592847,-0.98709255,-1.1764514,-1.6116707,1.575745,-0.32657275,1.3094939,-1.0142944,1.026442,-1.6467319,-0.26836404,-0.33046994,-1.4057148,-0.54125684,-0.3812894,0.12998182,1.1348231,-0.041613225
465,-0.31539625,-0.8667462,0.0,0.0,-1.5973479,-0.24289808,-1.2636191,0.0,1.0,0.3948117,1.3751988,1.0277514,-0.98675215,1.097788,-0.60516036,-0.5463191,1.2148055,1.1887833,-0.6962979,-0.15534656,-1.4049776,0.8758209,1.1002486,1.0190169,0.92313015,-0.54564506,1.6932462
466,-0.51452106,-0.23548196,1.0,0.0,1.1590314,0.72040606,-0.44893232,1.0,1.0,-0.8034324,1.4002923,-1.0565647,-0.61041105,-1.740093,-0.27585545,-0.93798316,-1.2890725,-1.2811013,0.5229485,-1.6010704,-1.2000718,-0.10363286,1.5175711,0.05130572,0.4150703,-0.28658497,-0.6100013
467,-0.41699016,-0.5351277,0.0,0.0,-0.82377094,0.99139696,1.3268149,0.0,0.0,-1.6097257,0.46852085,0.5747228,0.4431215,0.9554985,1.3996888,0.12107145,0.5198457,-1.0215521,-0.05155776,-0.7026845,-0.88358223,-0.35286057,0.49986702,-1.4723874,0.6468009,-0.61752635,-1.3525077
468,0.11711766,0.71526533,1.0,0.0,-0.90610355,0.3235008,0.14815815,1.0,1.0,0.9936849,0.95097643,-1.3953787,0.024911148,-1.5267888,-1.410859,-1.378369,-0.6744185,0.22440471,-1.6135403,0.42131448,-0.8632053,0.7932622,1.3146198,-0.33235276,-0.6393556,1.1950742,1.4774388
469,0.017176742,-0.2124541,1.0,0.0,-0.96225554,0.18336204,0.5817366,1.0,0.0,-1.2412028,-0.73298126,0.82728976,-0.3186648,-1.3126875,0.38461617,0.81240237,1.2206867,-0.8951388,-0.30154473,-0.9553907,1.3623452,-0.9881663,-1.509583,1.2669576,-0.27844346,1.3491123,-0.824331
470,-1.2370576,-1.4862865,1.0,1.0,0.23716685,-1.6084319,-0.100829184,0.0,0.0,-0.781293,0.7806784,1.4585154,-0.6091181,1.3659953,-0.43829593,-0.5009831,-0.7277764,-0.0012376155,1.4087522,0.5156223,0.08084662,-0.2517156,0.9405011,-0.11158773,-1.2329593,0.7939436,-1.6444535
471,0.5439598,0.24308254,1.0,0.0,-0.13247317,0.9048135,0.1340076,1.0,0.0,0.9062423,-0.42468703,-0.53567827,0.9869197,1.0545028,-0.8495915,1.1119177,0.18810529,1.0380864,0.65802556,-1.1816828,-0.05359879,0.6800816,1.1438017,-0.00039965668,1.3209145,0.51301163,0.6623306
472,-0.573886,-0.380396,1.0,0.0,-0.35274345,1.5183052,-1.521481,1.0,1.0,-0.61038667,-1.5581145,-1.3312894,0.27744192,0.4067958,0.6092815,0.5495191,1.2560071,1.1356397,-0.5034212,0.5753644,0.83492136,1.5659682,0.77787375,0.42254058,0.5196644,-1.0421894,0.7544211
473,-1.3880036,-1.7564079,0.0,1.0,0.49562737,-1.1521826,0.9652,0.0,0.0,1.4759876,0.4744268,-1.6648353,-0.7367524,0.5340416,1.3733765,0.25302973,-1.6307837,0.5956926,0.9592971,1.675656,0.14833726,1.5060762,0.039045744,0.4690018,-1.5598111,1.0584846,-0.32097375
474,0.7801899,1.1316329,0.0,0.0,1.4783748,0.6483836,-0.31063896,1.0,0.0,0.02135957,-0.39073542,1.5636209,-0.07405465,-0.85291255,1.6507177,-0.8566519,0.16705579,0.556828,-0.45600125,-0.40996647,0.579969,-0.13983405,-1.5406407,-1.5504457,1.1338787,0.110614635,1.0282823
475,-0.5228121,-0.22446714,1.0,1.0,-1.4437283,0.5144305,-1.0182822,0.0,0.0,1.6872739,-1.117054,-1.2723523,-0.67583144,-0.22004709,1.5132688,1.2808286,1.6112152,0.28012636,0.3895443,-0.9156469,0.36798024,0.018713437,-0.9107213,-1.4206661,-0.21190362,0.006493532,0.6686647
476,0.44861984,0.44807476,1.0,0.0,0.27548,0.33630034,1.4451599,0.0,0.0,1.0719764,0.3211075,0.82307893,0.6958878,-0.7901437,0.49631664,-0.21944539,-1.5388252,1.4545507,-0.8588106,-1.1181952,-1.4631413,-1.7566628,-1.3484361,0.6201778,-1.2090414,1.2272905,1.5528649
477,-0.13708787,-0.101347774,1.0,1.0,-0.36871287,-0.4317964,1.0359575,1.0,1.0,-0.026535504,-1.5073665,1.4972048,-1.2906029,0.64312017,-1.4979247,-0.7662,1.7234622,-1.076926,1.430779,-1.3281155,-1.4133418,-1.703267,-0.7727803,0.38332418,-0.9381527,-1.5975425,-1.6341763
478,0.5084737,0.20656075,0.0,0.0,1.5235807,-0.035921205,-1.2328242,1.0,0.0,0.07779369,0.23043667,0.65813506,-0.26198098,-0.4637094,-0.9424343,1.322583,-1.4527342,-0.79751724,-0.23642375,1.4175261,1.6129712,-1.3614626,1.3913598,0.51833314,-1.3728493,-0.8161314,0.0010540391
479,0.37300494,1.1799873,1.0,0.0,0.29969257,1.3047371,-1.7681531,0.0,0.0,0.27924305,-1.5082846,-0.32384753,0.09739052,1.6716454,-1.2014272,0.6541331,-1.0036608,0.09519219,-1.4113938,0.8327626,0.049944285,0.814873,-0.29999092,0.6121467,0.86047,-1.3836312,-0.72745097
480,-1.4910518,-1.1583987,0.0,1.0,-1.2045177,-1.6120903,-0.18648382,1.0,1.0,0.37030503,-0.7411282,0.24590933,-1.5474283,0.49136,0.6321835,0.9795318,1.1803592,0.9716334,-1.6417291,-1.628813,0.28743598,-1.53239,-0.17685683,-1.2230109,0.8300686,-1.537361,-0.47754458
481,0.30926248,-0.22174978,1.0,1.0,0.74789333,0.3547238,0.94581723,0.0,1.0,1.1924847,-0.059140068,1.1408707,1.1562958,1.3779322,-0.03894753,-1.5606725,1.7408383,1.264707,-0.62636214,0.61463124,0.17113255,-0.49061695,-0.15949571,-0.518534,0.3495211,1.6533626,-0.9739073
482,0.7189137,1.1313094,1.0,1.0,-0.67249435,1.6403148,-1.2893243,1.0,1.0,-0.04537974,0.19466448,-0.5076267,-1.1349083,-1.4501077,-1.5366552,1.0428693,-1.4389675,0.9132585,-0.40202,-1.420434,0.25372618,0.97586864,1.0462571,0.85682166,-0.08694965,0.5037107,-1.0284655
483,0.19789372,-0.30592862,0.0,0.0,-0.40558547,1.2056253,0.14567867,1.0,0.0,-0.4531923,-0.7843015,-1.322039,0.9161132,-0.02611341,1.5623518,1.0721403,0.4965537,0.012028003,-0.85793525,0.37537277,-0.18325503,-0.4314132,0.9232998,0.32293078,1.4232132,0.03904667,-0.74116844
484,-0.39875957,-0.29734376,0.0,1.0,-1.240579,1.1152967,1.4482924,1.0,0.0,-0.3738298,-0.93770754,0.48655337,-0.39578104,-0.8900639,-0.8095086,0.14410084,-0.15960339,-1.5152832,-1.5140953,0.3625367,-0.2817517,-1.6765515,-1.1935719,0.25887904,0.6212615,0.60876495,1.4380234
485,2.0007608,2.2409906,0.0,0.0,1.0895491,-1.0202247,-1.8102175,0.0,1.0,0.7500627,-0.8726029,-1.0809027,-1.3412064,-0.41763172,-0.36655295,0.058493756,-1.2272574,1.2709333,0.30794552,0.5062179,1.1175642,0.09653782,-0.6668712,1.4246633,-1.6233122,1.0019717,-0.39588952
486,1.0563912,0.87729603,0.0,0.0,-1.202743,-1.418881,-0.74689746,1.0,1.0,1.1539245,1.0090609,1.2789518,0.058064837,0.5586165,0.5162588,0.5881095,-1.5248482,-0.2924316,-0.9771395,-0.7170637,0.5664589,0.37050202,0.5286151,0.7077971,-1.3946934,0.9242038,1.7121999
487,-0.12382206,-0.41745752,0.0,0.0,0.03882277,0.49233344,-1.2468992,0.0,0.0,0.96175474,-0.193777,0.13187754,-0.4528258,-1.3712385,-1.7203313,1.2654786,0.09168223,0.40511188,1.5692973,1.0972403,-0.92123985,-0.13087605,-1.3931266,0.15654118,1.0825003,-1.4743665,0.23643805
488,0.87915117,0.9940203,1.0,0.0,-1.1183511,1.6527972,0.8439713,0.0,1.0,1.6555917,-1.5947816,0.11931312,-1.6100506,-1.7337455,1.2695299,-1.5976269,0.42592874,1.2797272,0.94836396,1.1326079,0.7000048,-1.5946342,-0.18339099,0.4046791,-0.4654071,-0.6587238,0.24531312
489,-1.7593862,-1.5533496,1.0,1.0,-1.3112906,-1.3198284,0.5130809,1.0,1.0,-1.6810338,-0.9267045,-0.83757126,1.0714692,0.5649797,-1.6907983,-1.2276199,-0.67092055,-0.95857966,0.94849217,0.41491687,0.4153511,-0.6395179,1.5391501,1.208584,-0.901314,-1.3197838,0.8848709
490,1.8482407,1.8972878,1.0,1.0,0.3708966,0.003942769,0.15777451,0.0,0.0,-1.2207948,1.0802768,-0.017879266,0.3868766,-0.3806553,1.6221783,-1.3645456,1.279799,-1.1024832,-1.2330903,1.1589099,0.7970127,-1.660722,-1.0803022,0.08830609,0.21544817,-1.7016103,-0.60569584
491,-0.42830127,-0.3039633,0.0,0.0,0.7431546,0.8137689,-0.89008254,1.0,1.0,-1.6349386,1.141497,1.1876438,-0.5264579,-0.33795395,-1.5958561,-1.5830817,-0.51265925,-1.515428,0.13770409,-0.0023074574,-1.0077008,-1.3662347,-1.2313546,-0.761123,-1.115613,-0.65974855,-1.6910831
492,0.3391933,-0.30652228,0.0,0.0,0.7008112,-0.7781042,0.0376344,0.0,0.0,-1.606748,-0.43067932,-0.12623619,-0.69821554,-0.84863275,1.5098226,-1.0961396,-0.7637269,1.6955899,-1.667603,-0.54116064,0.6204289,-0.5683614,1.6613343,1.3200383,0.49732864,1.4167382,-0.022804812
493,0.3521012,0.2877907,1.0,1.0,-0.22322741,1.1057363,-0.6430996,1.0,0.0,1.3317406,0.68985957,0.58576745,0.7198198,1.5129881,1.1021096,-1.4530524,-1.3977194,1.6410868,1.5910935,-0.755326,0.8250345,-0.7057503,-1.6526988,-0.3388898,-1.6466604,1.188442,-0.77950984
494,0.66534,0.18924077,1.0,1.0,-0.74046016,1.0462232,-0.7900002,1.0,0.0,-0.3995773,0.61718434,0.8415901,1.6075137,0.3208163,0.96722215,-1.2452579,-1.7401704,0.65953416,-0.27055418,1.5120142,-0.6214502,-0.17991053,-0.20673157,-1.4791789,-0.34094515,-1.6480544,-1.1020836
495,-0.1909435,-0.19100913,1.0,1.0,-1.2677957,1.4604739,1.669306,1.0,0.0,0.44931316,-0.5913591,-1.461441,-0.5483998,1.4793894,0.103293,-0.32191464,0.1547307,0.95793474,-0.87891686,0.30675614,-0.13821411,0.49880597,0.9587893,1.2421182,0.6278753,0.2549941,-0.8742533
496,-0.13958324,-0.64605814,0.0,1.0,0.5383996,1.150065,0.8224899,1.0,1.0,0.2616393,0.97537965,0.797222,-1.2305623,0.4328795,-0.8624642,-1.6139852,1.3299063,0.31595796,0.11523944,0.73235255,-1.4547069,-0.40091944,0.4394975,1.160253,0.09544821,-1.1477131,-1.5106822
497,-0.5534602,-0.9548025,0.0,0.0,-0.61101973,0.58036095,0.5344265,0.0,0.0,0.18569846,-0.983684,0.009038431,-0.3176617,1.0059636,1.4197326,-0.56229144,-0.14139591,0.25977582,1.0332642,0.47930193,-1.505274,-0.22714971,1.5636474,-0.9696727,-0.6089256,0.91397846,1.095937
498,-0.8251193,-1.2876316,1.0,1.0,-1.6802589,-1.6228489,-0.50217324,1.0,1.0,-1.7720745,0.6493647,-0.7236734,-0.18421417,-0.34855336,-1.6858329,-1.5471671,0.9424493,-0.24430872,1.1243508,-0.28327295,-0.3770213,-1.1447974,-1.1403755,0.73620707,1.5222815,0.447496,-1.5294207
499,-0.69748735,-0.9429249,1.0,0.0,-0.15857744,-1.2344587,-1.6851906,1.0,0.0,0.2063099,-1.3245474,1.3859744,1.5649197,1.4905787,0.7231942,-1.1496454,1.4738003,-1.0873525,-0.5059797,0.61287606,0.53810495,-0.89446354,1.5592796,-0.8194815,1.5194378,-0.6446227,0.43481046
500,-0.9285927,-1.1216232,1.0,0.0,-0.31237158,-0.7900099,-1.4339336,0.0,1.0,-1.5885197,0.14598419,1.4296592,-1.1128539,-0.9084368,0.77070445,-0.7655904,1.3886955,-1.3998994,0.57107645,-0.76664156,-0.42640147,0.01680001,-1.1161933,0.2547467,-0.1448648,1.0236821,1.6046778
501,-0.984598,-1.1099458,0.0,0.0,-0.6946754,-0.92760575,0.7014186,1.0,1.0,-1.7093942,0.55319464,0.25266826,-1.3627094,-0.4281553,-1.7299962,1.4292971,-1.7213638,-1.6619291,-1.501579,0.84025484,-0.13312642,1.0660125,-0.07396546,1.0727022,1.3429731,-0.53518164,-1.3555423
502,0.39119413,0.57219064,0.0,1.0,0.06248428,-0.86598164,-0.3313582,1.0,1.0,0.31417462,0.34259394,-1.1633346,0.8438626,-1.6991532,-1.4992803,1.3784227,-0.52404004,-1.6859938,-0.80092883,0.014207796,-0.75022364,0.401984,-0.29398596,-0.7768365,-1.4242294,1.6869195,-1.195871
503,0.57281065,0.084478,1.0,1.0,-1.5691733,0.85483193,-0.6710712,1.0,0.0,1.7006631,-1.4983776,-0.6161062,-0.9625603,0.6808743,1.3450509,1.2938302,-0.84121746,0.51275855,1.4259727,1.5117741,-0.9392006,0.84788764,1.4795403,-0.22362089,0.064597376,0.5116974,1.153651
504,-1.1150517,-0.49355915,1.0,1.0,-0.7127382,-1.7065722,-0.71833396,0.0,0.0,-0.1696675,-0.32770795,0.9339699,-0.27901158,-1.0232081,0.46193397,0.47933954,-0.2633578,0.0075271484,1.1909037,0.6234992,1.0763779,1.6646551,1.3255613,1.3539109,0.7589521,-0.2997328,-1.4408814
505,-0.8166974,-1.0567106,0.0,1.0,-0.15566108,-1.0289199,1.1400199,1.0,1.0,0.0827179,1.0847169,0.24620315,-0.18097395,0.8823097,-0.13401785,1.4881862,1.2546628,-0.2840704,-1.5016989,1.436686,-0.7600608,-0.44023773,-0.78469443,0.5229504,0.5596264,0.52993906,1.1908566
506,-0.6630978,-1.0830796,0.0,0.0,-0.24113555,0.55179477,1.5585684,0.0,1.0,-0.19276981,-0.22612894,-0.49530178,-0.4447558,0.1646839,-0.45526132,-1.3900839,-1.7134941,1.3366191,1.5534457,1.3643705,-1.5497915,0.79403317,-0.6044014,-0.70373374,-0.5685527,0.3523276,-1.2843554
507,0.055227567,0.09932082,0.0,0.0,-0.358941,-1.5280693,-0.12113552,0.0,0.0,-1.1928937,-1.0278597,1.500327,1.5369184,-0.3021548,0.13496798,-0.25845197,-0.24769674,0.05044624,0.4808168,-0.55639595,-1.5369718,-0.14604095,-0.1713394,-1.0618783,1.2888002,1.2487193,-0.019676892
508,-1.1356363,-1.4070313,1.0,1.0,0.092709534,-1.185864,-0.44299823,1.0,1.0,-1.27432,0.3301201,0.182738,-0.08105061,1.1356347,-0.71758235,1.2852836,-0.6067816,1.4916798,-0.5100454,0.7810005,-1.0135156,0.5343916,-1.7166034,0.8683172,0.91949683,-0.23689726,-1.5192392
509,0.2196049,-0.078648664,1.0,0.0,0.11869053,0.6414164,-1.1575018,0.0,0.0,-0.19352031,-0.2635808,1.3551916,-1.5783104,0.37003967,1.6912669,-0.014168064,1.6172132,0.8832901,1.4930224,-0.12621926,1.3380944,-0.76611507,1.3361377,-0.31013468,-1.5909162,-1.4388657,1.1352655
510,-0.8853311,-0.89176553,1.0,0.0,-1.2559723,-1.7131411,0.43016896,0.0,1.0,-0.72600245,-1.0791389,-0.47752059,0.6987086,-0.20220503,1.5464866,-0.062090922,-0.43454587,-1.4288509,0.8503374,-0.18167195,-0.7717612,-1.325287,0.37203327,1.5136305,0.26136398,0.8363284,0.7614867
511,-1.1622293,-1.8041911,0.0,0.0,-0.34922916,0.0012440608,1.5180928,1.0,1.0,-0.7770708,0.14128213,0.26368004,-1.0321498,0.5737953,0.4516159,-1.0884018,0.89638495,0.3708192,0.4170295,-1.064667,-1.1149932,-0.7406469,0.7190754,0.5619895,0.8130078,-0.66883767,-0.3458627
512,-0.13200268,0.21825106,1.0,1.0,0.8898318,-0.3488505,-1.4904221,1.0,1.0,1.1983521,-1.3876379,1.7082936,0.83434933,-0.3806345,1.4398012,0.27163342,-1.5084409,0.7870951,0.07419882,1.6021984,0.043908864,-0.83433026,-0.9082059,-0.34617448,-0.68574035,0.7359973,0.30924302
513,-0.062624454,-0.7530985,1.0,0.0,-0.6024641,1.5785457,0.30144235,0.0,0.0,0.548858,-1.0629202,-0.12825227,-1.6555309,1.4472222,0.69526064,1.6550852,1.5328727,-0.8645791,-0.46781647,1.3521471,-0.31673488,1.351914,0.44676447,1.5373713,0.3261234,-0.046996217,-1.663546
514,0.5623241,0.17118903,0.0,0.0,0.8138749,1.342173,0.9245905,1.0,1.0,-0.93241745,-0.82307607,0.61132306,1.5775808,1.4371673,-0.4076013,-1.6152596,1.3664411,0.33172482,0.24052165,-1.161097,-1.5535761,-0.38033727,-0.855887,-1.0823257,1.5305146,0.42225423,-1.2620686
515,-1.0548748,-0.67841685,1.0,0.0,-0.8764958,-1.2760856,-0.2650581,0.0,0.0,0.11693648,-1.1032063,0.16993222,0.450898,0.07298611,-0.6315823,0.022070616,-1.7251836,-0.97454226,-0.26143843,-1.3106304,1.4086505,1.5314482,-1.7206625,-0.8122757,1.3317379,1.4988284,0.83282113
516,0.2470749,0.6475072,1.0,1.0,0.9771608,-0.29126382,-0.87143874,0.0,1.0,-0.7259415,-0.12637939,-1.3403811,-1.02493,-0.85119754,-1.0057178,0.70020396,-0.78889835,-0.14421596,-0.7453413,1.6246495,-1.7030966,-0.9944404,0.9451106,-1.6186674,-0.8078497,-0.99028844,-1.3215746
517,1.4118258,1.4739043,0.0,0.0,0.7438072,0.3165088,-0.31517658,0.0,0.0,0.11170162,-0.7922943,1.6412035,1.3472508,0.799709,-0.38879535,-1.1249826,-1.3361915,0.14428693,1.4803649,-1.4714358,-1.0254002,0.5515612,1.6559734,0.10076121,0.18565436,-0.7241403,1.5622896
518,-2.0396085,-2.749582,0.0,1.0,-0.77516025,-1.0245159,0.2128964,0.0,1.0,0.96781677,0.41166398,0.2774314,1.3763012,0.3086464,-0.34604886,0.9085869,0.76322883,1.110096,1.1261754,-0.1447585,-0.65337586,1.4775213,0.12851258,-1.3627435,1.5680479,-0.79001033,-0.5839342
519,1.2410543,0.98280686,1.0,1.0,-1.463227,0.87587255,-0.28780404,1.0,0.0,0.5609482,0.8486464,-1.6771631,-0.3911338,-0.97326446,-0.29142848,-0.15196621,0.3961243,-0.8523583,1.0601456,-0.18121465,1.5973526,-0.46186846,0.17399842,-0.97068876,1.1775659,-0.8550834,-0.22243674
520,-0.7273206,-1.081152,1.0,1.0,0.47475666,1.4941351,-0.83627266,1.0,1.0,0.65247965,-1.5328816,0.5080471,1.1405245,1.2387987,-0.35995793,1.6130458,0.45456418,1.0282651,-1.2832847,0.48850045,-0.96142596,0.34964943,0.8794371,1.4528325,1.238355,-0.24724813,1.1664107
521,-0.1623181,-0.5332284,0.0,1.0,-0.9147469,1.4210755,1.2467796,0.0,1.0,-0.5018191,-1.0941988,-0.7938589,-0.15232572,-1.2360628,1.3092141,0.87448967,-0.755195,-0.8489807,-0.9900653,-0.934662,-1.6923736,0.8202163,-0.46663806,-0.20073798,-1.3571053,-1.5214432,0.92253023
522,1.8009906,1.5698512,0.0,0.0,1.206152,-0.42268702,0.4555217,1.0,0.0,-0.54884684,-1.3239807,-1.1861024,-0.92797357,0.9832026,-0.55792993,1.498162,-0.16465913,-1.1370547,-0.6500676,-0.21510647,-1.4333797,1.4477046,-0.89798516,0.42581874,0.18356337,0.27863878,-0.71927345
523,-0.8270964,-0.75268877,0.0,0.0,-1.4142793,-1.1310341,1.7084764,0.0,1.0,-0.60248286,-1.600884,0.27737835,-1.6081452,0.65059847,0.12620859,0.015292,1.4928887,0.30219433,1.3809716,1.2462896,-0.9481222,-0.042250775,0.39753747,-1.5405548,1.0972246,-1.3116179,-1.6792548
524,1.2270477,1.5124006,0.0,1.0,0.85612965,-1.3102815,-0.36258104,1.0,1.0,1.4772385,-0.37198615,-0.1383467,1.0561892,0.32366398,1.4921017,1.157332,1.5872126,0.98647803,0.79610354,0.47585517,-0.035881076,1.5125816,-1.641023,1.2317963,-1.5866213,0.08853489,0.87931037
525,-0.20759457,-0.19264229,1.0,0.0,-0.0063589006,-0.28310463,-0.8834058,0.0,1.0,1.733528,1.5537977,1.6614505,0.7981132,1.1676807,1.4413522,0.4969909,-1.1280731,0.6432308,1.322723,1.4633677,-1.7087427,0.7820836,1.4208047,-0.7685287,-0.30951062,0.24638017,0.77219087
526,-1.386556,-1.8500677,1.0,1.0,-1.1358492,-0.7698016,0.76212174,0.0,1.0,-1.0151156,1.6183442,-0.727477,-1.7000524,-1.1939195,0.71402055,0.025695233,-1.1882584,-1.132155,0.4383608,-0.80560565,1.6797941,0.6387237,1.3154064,-1.1850709,-0.59131396,0.64351124,0.40533555
527,-0.10200543,-0.1732646,0.0,1.0,1.5357729,-0.79829806,1.4318405,0.0,1.0,0.51662034,-0.053850565,-1.6972225,-0.4703332,-1.2958022,1.5083443,1.2199522,-0.456258,-0.5285743,0.33365843,0.19466302,0.23671201,0.15835284,-1.4698561,1.4655457,1.1795522,-0.26565075,-0.7345933
528,0.6477338,0.67154074,0.0,1.0,1.6462544,1.0424647,0.020925002,1.0,1.0,-0.41837457,0.92732334,0.5707525,0.80443054,-0.77742386,0.17103565,0.3722996,1.2221686,1.0216947,-1.1801351,-1.3957613,-1.5223991,-0.520731,1.034362,0.96411335,-0.8887537,0.11655683,0.67001814
529,-0.7985306,-0.49946436,0.0,1.0,0.7648186,1.0424533,-1.3243352,1.0,1.0,1.1139554,1.6949456,0.124201566,-1.0327237,0.25177455,-0.31960666,-1.6789794,-1.3798162,-1.0684869,1.294654,-1.4984707,0.18685038,0.072690435,-1.5013443,0.6847187,0.5998057,0.28536016,-0.3466998
530,0.33781913,-0.011889703,1.0,1.0,0.4694171,-0.0794365,0.98828495,0.0,1.0,0.8664803,0.78736013,-1.4455286,1.0113504,0.8277102,-1.5570538,0.03333568,0.26177222,-0.013193468,-1.1433684,0.42943144,-0.92347413,0.16727161,1.2753191,0.7366449,-1.3733037,0.70751953,-0.3267464
531,0.73682034,0.44992626,0.0,0.0,1.4589121,0.45273122,-0.22669773,0.0,1.0,0.33146775,0.5730635,0.814902,0.9441099,0.06319983,-1.5348762,-1.2748775,0.35213852,1.6344123,-0.6867037,-1.5598544,0.9348679,-1.0433131,1.3994435,0.6623021,1.4130654,-1.3375813,-0.9300021
532,0.62325317,0.26109177,0.0,0.0,1.5655729,-0.31385222,1.2763531,0.0,0.0,-1.0059696,0.97621,1.5648519,-0.053849466,1.357846,-0.4611344,-0.012678375,-0.91403717,0.8274388,-0.35606477,1.288444,0.66950077,-1.3646382,1.2569007,-1.1785893,-1.4793891,0.80837053,-0.687798
533,-0.953559,-1.5212862,0.0,1.0,-1.5398705,1.1490351,-1.0028434,1.0,0.0,-0.17659825,-1.1256222,0.51612306,-1.1655104,-0.50178915,-0.39894435,-0.8363372,0.26799235,-0.95230746,0.4774895,1.6228178,1.1944908,-0.9111496,-1.1236215,1.2303716,1.4727253,-1.0297611,0.85724145
534,-1.1009582,-1.0126604,1.0,0.0,0.77602905,1.0676736,-0.69328034,0.0,1.0,0.009960932,-1.5276872,-0.6507686,0.3364889,-0.08293966,1.1150688,0.5578104,-1.2315828,-0.65523475,-0.84532374,-1.0089324,-1.4172744,-0.7417266,1.2858219,-0.72630507,-1.2880081,-0.34417987,1.5839362
535,-0.7780198,-1.0977528,1.0,0.0,1.1664863,1.4655001,-0.35422355,1.0,0.0,1.7022151,-1.2483753,-0.7357115,0.1290114,0.9436455,-0.59593606,-1.422531,0.7395392,1.7536609,1.5054766,-1.6807996,-0.22554994,1.5175923,0.23645033,-0.7178739,-1.1139797,-0.8878347,1.0800452
536,1.4604802,1.7838831,1.0,1.0,0.23676258,-0.29012302,0.34804603,1.0,1.0,0.35704875,0.026932085,-0.9871222,-1.5225182,-0.35821182,0.31172666,-1.4700739,-1.2325256,-0.19858055,-0.102021724,-1.5018538,1.3825184,0.60336936,0.36016095,1.6161847,0.7397641,-1.0337673,-0.7203391
537,-0.93106896,-0.6384404,1.0,1.0,-1.5566905,0.8678279,-1.4841567,0.0,1.0,-0.19954017,-0.31780407,0.37724167,0.12436092,-1.4625894,0.6684506,-1.6711168,-0.52362376,1.6826112,0.31972533,-1.6105654,1.5151855,-0.25884962,1.423972,-1.6388025,-0.46458465,-0.54111314,0.51296395
538,0.46975031,0.40534174,1.0,1.0,1.6116415,1.0462598,-0.4445217,1.0,0.0,-0.23095463,-0.7167158,-1.6981106,0.5522301,-0.42224225,1.3288962,1.5538907,1.6086407,-1.3338897,-1.7277795,0.9219504,-0.4113341,-1.3844625,0.57588005,-0.5005674,-0.5179302,0.60648954,0.19695862
539,0.10258881,0.13707404,1.0,1.0,1.5212884,-0.8176466,1.1199738,1.0,0.0,0.6022746,-0.050448485,-0.79584885,-0.7315251,0.09352464,0.6664279,1.2841167,0.7309237,0.31542817,0.50075006,0.8881914,1.0163332,-0.63685507,-0.5615134,-1.0239155,1.1119795,1.1744916,0.4812943
540,-0.91819364,-1.1550184,1.0,0.0,1.0555607,-1.4356202,1.6778357,1.0,1.0,-1.3780437,1.5520035,-0.24342291,1.0248613,-1.5759552,-1.1542965,-0.63786006,-1.4532397,1.2245083,-0.438882,0.29603732,-1.6028957,-0.99363464,0.07680804,-0.5674766,0.15455611,-0.48452872,-0.00033167953
541,-1.6601018,-1.636285,1.0,1.0,-0.9523821,0.0261719,1.6556703,0.0,1.0,0.4140661,-0.22498678,-0.3535639,-1.6211059,-0.039411817,-0.067256086,-1.5657235,0.7254671,-0.421565,-0.58898133,0.14348245,0.3846227,1.6470699,-0.18148792,1.2723657,-0.15960132,0.23281945,0.40390974
542,0.9875126,0.97182024,1.0,0.0,1.2844423,0.4686405,0.8169603,1.0,0.0,0.6092915,-1.1888655,-1.3332434,-1.70797,0.839707,0.5186522,0.4942665,-0.10603113,1.4304043,1.4037668,0.6568066,-0.44046915,-0.9888651,1.552295,-1.4088242,1.145148,-0.20208097,-1.426097
543,0.635011,1.0761094,1.0,0.0,1.660873,-0.13447994,1.5422316,1.0,1.0,0.77524835,-1.3144258,-1.2211591,-0.2480159,-0.5235792,-1.6888045,0.66581655,1.1080749,-0.69383407,-0.95378923,1.4660887,-0.9853611,-0.852194,0.11015206,-0.58927935,-1.674874,-0.5627181,1.496743
544,-0.51184195,-0.7726703,1.0,0.0,-1.6780505,-1.5985965,1.323647,0.0,1.0,-0.1450224,0.84965044,1.5928253,1.5476211,-1.067542,0.95549375,0.46466058,-1.1741484,0.6908234,-1.222353,1.6238093,0.1711353,-1.3819758,1.0651512,-1.3749772,0.28587246,-0.1860221,0.25828576
545,-0.5879585,-0.17448352,0.0,0.0,-0.8609139,-1.6146485,0.19250548,1.0,1.0,0.5183835,0.6340631,-0.2380625,-0.09558358,0.19902058,0.2702372,-0.7177982,-1.6998881,0.39282796,-0.5349594,0.20896232,-1.7181443,0.5757876,-1.0361829,0.65675884,0.49759957,-0.6810549,-1.3846428
546,1.1212249,1.354849,1.0,0.0,1.5157541,0.8915631,1.167231,0.0,0.0,1.6680628,1.4191376,0.88092816,1.4983373,-0.1104636,1.160415,-0.4853433,-0.6073258,0.44195864,1.5565641,0.73060375,0.17656161,1.1629683,-1.007733,-1.4218155,0.5001145,-1.7482772,1.4154326
547,-0.2419883,-0.13672297,1.0,0.0,-1.4371783,-1.5493,-0.57474715,1.0,1.0,-1.0049868,1.4210182,0.00356895,0.9676426,1.3569975,0.24053311,0.4092273,1.1855174,-0.8040321,0.67404675,-1.653409,-1.1775527,-1.3184712,1.5097723,-1.3842416,0.80846345,0.7579984,-1.6208119
548,1.3016378,0.7438429,0.0,0.0,-1.0739381,-1.148234,-0.9913707,1.0,1.0,0.7203336,0.5858134,1.636303,0.4878559,1.4270211,-0.33883512,0.42264158,-1.1751251,0.55209637,0.22171855,-0.5863518,0.8692852,0.7915799,-0.4041903,-1.6072812,-0.17889002,-0.9024866,1.0639133
549,-1.0074716,-1.4909502,1.0,0.0,1.6451094,-1.2010676,1.0438149,0.0,1.0,0.7341308,-0.1732798,-0.0028519798,-0.6186752,1.5776106,0.063815765,1.6525683,-0.6716707,1.1763495,1.3332713,-1.7063291,0.71799374,-0.40620056,0.37883282,-1.0710323,0.120008856,0.06341717,-1.1798741
550,0.89291495,0.838382,0.0,1.0,0.15233274,-0.6004093,-0.46607545,0.0,0.0,-0.6046034,0.54601264,0.5452425,-0.71198213,1.3106685,0.6983651,-1.3164834,-0.430755,1.3117331,0.6450066,0.7414238,0.79165727,0.68900687,0.9681914,1.4839534,-0.14401288,0.8858646,0.6688356
551,0.8407859,0.8511832,0.0,1.0,-1.603741,0.60567063,0.065426774,0.0,0.0,-0.0072669727,1.0070426,-0.34216383,0.69556,-0.85132205,-1.5131631,-0.37142935,0.53011703,-1.1631633,-1.0059285,-1.1779221,0.7430833,0.558405,0.13363424,-0.18300846,0.2308854,-0.33214843,1.7048502
552,-0.49106854,-1.079903,0.0,1.0,0.36767185,0.8388096,-1.0383278,1.0,0.0,0.000473127,0.7635944,-1.2670146,1.0066715,-1.4426371,-0.019769084,-0.26369473,-0.7288157,0.4720696,-0.7621677,-0.55617934,0.14918514,1.7159419,1.6444067,0.17743917,1.0831805,-0.68957585,-0.33586526
553,0.57855976,1.2872214,0.0,1.0,0.53190017,0.5169571,0.46445075,1.0,0.0,-0.67878616,-0.9743966,-1.4007357,1.3561888,0.9170214,-1.192506,0.4605324,-0.55647945,0.19563669,-0.50104594,-1.2115451,-0.8026435,0.9482886,1.4219466,0.44931987,1.0041431,1.715613,-0.90842223
554,-0.27631825,-0.2451345,0.0,1.0,0.3549967,-0.2765872,-1.5970175,1.0,1.0,1.5449748,0.6706599,0.079574555,0.16939719,1.6732528,1.3417902,-0.9249281,1.0466985,0.8934885,-1.732497,-0.86242896,1.071729,-1.342757,-0.50366896,0.14552552,1.2849555,-0.3737907,-1.009697
555,0.25816232,0.16527231,1.0,0.0,-0.588646,0.34489354,-0.034296755,0.0,1.0,1.2302539,-1.3885261,-0.35311761,-1.6309965,0.83080167,0.393877,-0.63885784,-0.2438308,0.6642927,0.00018989843,0.5313567,-0.6620707,-0.67160964,-0.87985414,0.20252721,0.29949763,0.27561742,0.41113693
556,0.6016273,0.7981692,0.0,1.0,0.6885105,0.7014475,1.7086594,1.0,0.0,0.76188576,-1.2982867,-0.69104105,0.8277788,1.0509005,1.335174,-1.7389528,-0.7192328,-1.3383707,-0.78088945,0.98469007,-1.6706173,-1.7656686,-0.49640477,0.7913554,0.546718,1.305116,1.2603364
557,1.0293381,0.6600301,1.0,0.0,1.5789825,0.9748649,1.0437733,1.0,1.0,1.5232252,0.058510877,1.7161446,-0.14013335,-1.7045472,0.041314837,-1.0090294,1.7031107,0.7031568,0.7994698,0.93318087,-1.0292577,0.12526242,-1.1436118,0.6870813,0.29043794,-0.3156343,0.4632651
558,-0.8493723,-1.7936206,1.0,0.0,1.031278,0.8699541,-0.5121747,0.0,1.0,1.3777808,-1.4884783,1.4044791,0.68014514,-0.22474827,0.73815775,-0.120823696,-0.9080287,0.018686336,0.82660246,-1.6634164,-1.19796,1.1764334,1.269115,-0.40130728,0.8164658,1.670243,-0.8130249
559,-0.43652242,-0.52416915,0.0,1.0,-1.2946135,-1.7000123,1.4534868,1.0,0.0,1.5846967,-0.30292642,-0.34167886,-1.6765594,-0.06022549,-0.16708085,-1.6155581,0.18533552,-1.0076371,0.8014909,0.8639337,-1.720316,1.0542302,0.3559462,-0.9107883,0.43164176,-0.49341393,-0.11191702
560,-0.84977335,-1.1949214,0.0,0.0,-1.0182055,-0.3641134,-0.40629977,0.0,0.0,0.5557299,-0.81896883,-0.7802469,-0.0082129985,-1.6666977,-1.4015341,0.6681269,-1.5147982,1.5724263,-0.41399002,-0.7600954,-0.9758948,0.7965962,-1.4012786,0.19604492,0.83578354,-1.5170784,-0.65398544
561,-0.72755224,-0.7492219,1.0,0.0,-0.21639664,0.9943734,-0.725219,0.0,0.0,-0.84361047,0.5749141,-1.5620273,0.9897128,-0.099233896,0.073995754,0.30885774,-0.30116636,0.53186655,0.87499225,-1.4488103,-0.121946685,0.19566101,1.3851621,0.7729062,-1.1573789,-0.8530329,-1.0580776
562,0.08763928,0.13849093,0.0,1.0,0.028590655,0.45802152,1.69919,0.0,1.0,0.6791534,0.9556558,-1.5677434,0.07040298,0.60460365,1.702716,0.92158955,1.0633914,0.8102442,-0.5687187,1.2720293,1.5589651,0.020000314,0.37930322,1.3408501,-0.28342262,-0.78827107,1.6611575
563,-0.06390526,-0.7812435,0.0,1.0,-1.5052844,-0.4850699,-0.8431406,1.0,1.0,-0.8645459,-0.37938094,-0.43605593,0.16098326,-0.34843138,-0.8197147,-0.19960573,0.4870892,-0.690291,1.5659562,0.031056115,0.404143,-1.2028615,-1.4636132,-1.4232686,1.2633544,-0.6805246,0.8675582
564,-0.54389393,-0.9120048,1.0,1.0,-1.167312,0.16860592,-0.9125568,1.0,1.0,-1.2907779,-1.4924513,1.3344456,-0.63061017,-0.5285574,-0.5737369,-0.32652935,-1.2966096,-0.39018124,0.46037593,-0.24530688,0.88527054,0.33460814,-0.93142766,0.19172831,0.050443254,0.8512887,0.09537693
565,0.89505047,1.260143,1.0,1.0,-1.1416128,0.5319117,-0.13821736,0.0,1.0,0.21218209,1.3186866,-0.9745639,-0.1127852,0.08370492,-1.6853092,-0.9424411,0.60681444,0.5925092,0.008106096,-1.6272159,0.7304683,1.0808474,-0.073347196,0.053748712,-1.1861912,0.75359225,-1.1652409
566,-0.5135221,0.09504898,0.0,1.0,-1.2951707,-0.13363588,-1.4098899,1.0,1.0,1.0450765,-0.8047727,-1.5527586,0.67206126,-0.8075074,-0.9111969,0.7742556,-1.3694211,1.0869374,-0.26569402,-0.58775437,-1.2689009,0.6841295,0.33576387,1.1154243,1.1609402,0.059840485,0.14127223
567,0.7022342,0.6536114,1.0,0.0,1.65085,0.15788983,1.4661015,0.0,0.0,-0.10188978,-0.09521895,1.0413653,-0.44380578,-1.6142077,0.22135249,0.6842556,0.11633729,-1.1089276,1.132708,1.6428294,-0.7741538,-1.4681749,1.550545,-0.49116004,0.012505452,-1.7478632,1.470932
568,-1.2584469,-1.2164779,0.0,0.0,-0.717008,-0.79149216,0.30412418,1.0,0.0,1.7264289,-0.87593096,-0.8996326,-1.2236762,0.85121185,-1.0485303,-1.2898242,-0.46378472,1.5184441,-1.6408688,1.3879106,1.6424853,0.44550902,1.2570397,-1.4326682,1.4173635,-0.7299249,-0.7541986
569,1.3987539,1.539382,0.0,0.0,-1.6623414,0.3641226,-0.03624177,1.0,0.0,0.39143616,-1.1363966,-1.6786637,-0.6408164,-0.18680617,1.5213982,0.8534707,0.64908993,-1.3456206,1.0925447,-0.5005744,-0.6317251,-0.4406472,-1.2013407,0.7275352,1.6047714,0.70539725,-1.5086495
570,0.31746283,0.43667793,0.0,0.0,-0.50436,-0.80883616,-0.829999,0.0,0.0,-0.0736637,-0.10138198,-0.45762148,-0.13561435,-1.1421881,-0.6841071,1.3946617,-1.3318452,-1.046218,0.5055654,-1.2741327,-0.091729075,0.9031204,0.2669916,0.64829344,0.12148437,1.381391,0.47490746
571,0.62915486,1.7765145,1.0,0.0,-0.40460908,1.0187865,1.0294638,0.0,0.0,-1.5402861,-0.8205696,0.31414446,-1.4660296,1.0959443,-1.692093,1.6513866,-0.019402634,-0.35942706,-1.1452092,-1.3288245,0.09906006,-0.10570295,0.9074672,-0.35664815,1.3274838,0.3086265,-1.3124735
572,0.35583365,1.0955138,0.0,0.0,1.0761803,1.3814554,-0.70415807,1.0,1.0,0.48046622,1.5899332,1.1550767,-0.23232116,-0.92838144,-1.7437128,0.47899306,1.5291737,1.5299004,0.24014653,0.68086106,-0.08645344,1.1293161,-0.9258598,0.6469737,-0.32510766,-1.5223362,-1.3606412
573,-1.0262088,-1.2961953,1.0,1.0,-1.4729524,0.8392052,-1.5137326,0.0,1.0,-0.35138097,-1.1096036,-0.46025696,-0.76684153,1.3051488,-1.1786975,0.30337495,-1.1214253,0.045238808,-0.33072135,0.2521806,-0.0036602244,1.1791598,1.336469,-0.5574884,1.5031488,1.3912493,1.1111088
574,-0.108031884,-0.23521325,1.0,0.0,1.6278588,1.5656912,0.90339994,1.0,0.0,-0.8389374,-0.033812124,-0.34619924,-1.3650484,-0.08112509,0.6800012,-1.3214929,-1.4120106,-1.5193113,1.6522765,0.0116679445,-0.87630075,-1.4579589,0.6615852,-0.66236365,-0.8016257,-0.8013426,1.4358103
575,-0.71427345,-0.20013115,1.0,1.0,0.9992884,1.139862,-0.68489385,0.0,0.0,0.52520406,1.6937871,0.7187474,-1.3695226,0.6060623,-0.3710452,-1.0924395,1.3333259,-1.2059196,-1.0779139,-1.5063195,1.7137153,1.5071853,-0.9007954,0.6628979,-0.24387456,-1.0542477,1.2342565
576,0.85967666,1.1229786,0.0,1.0,0.16573313,-0.739827,-0.23693402,0.0,1.0,1.0859221,-1.3256857,-1.6981953,1.1226289,-1.0741706,-0.07898843,-0.6326614,1.5156327,-0.011735862,0.5468994,1.5004432,-0.5653582,1.0323181,-1.3088765,-0.3080468,-1.1768467,0.117864266,1.3439654
577,-2.3691757,-1.9431338,0.0,1.0,-0.92733777,-0.93391013,0.13244726,0.0,1.0,-1.2894245,-1.0057052,1.4992751,0.6860006,1.5910671,-1.5626462,-0.58904254,1.5237895,-1.2332321,0.18665051,-0.30415374,-1.1136177,-0.3208918,0.49160147,0.58542734,0.4869299,1.3092494,-0.22129007
578,-1.1987286,-0.8945891,1.0,1.0,-0.95579743,-1.3943111,-0.18969165,0.0,1.0,-0.6356831,1.202664,1.3595154,0.062040616,1.256096,-1.2859132,-1.1235383,1.7450134,-0.9579693,0.7341766,-0.9066089,-1.2736654,0.9754576,-1.5473624,1.0224222,0.816853,0.58493835,-0.67541987
579,1.3597907,1.0027045,0.0,0.0,0.8959299,-1.3222257,-0.9033417,0.0,1.0,-0.4826111,0.011873604,1.181458,-0.6894041,0.7784914,-0.5178226,1.0935767,1.1427716,-0.7898213,1.7145884,-0.74324125,-1.4265172,-0.4188197,0.48855105,0.5810527,-0.21614055,-1.5450224,-1.4520462
580,0.03680517,-0.49552482,1.0,1.0,-1.0013947,0.07170945,-0.75789225,0.0,0.0,-1.0557327,-0.1640569,0.06943017,-1.6110247,0.10486651,-0.91881603,1.4587601,-0.20897494,0.570024,0.31958574,-1.1805389,-0.6263022,-0.09940081,-0.9324346,-1.0190727,-1.2305018,0.18199056,-0.20590845
581,-0.5731918,-1.2021384,0.0,1.0,1.539003,0.82399744,1.3084971,1.0,1.0,1.1383721,-1.1717234,0.07652368,-0.4282567,1.3554181,-0.04691116,-0.98055464,0.35403317,0.36075,-1.6185647,-1.2868904,-0.0099934945,-0.041381605,-1.0310293,0.42774868,1.3355136,1.7102838,0.27560917
582,-0.26807347,-0.55822664,1.0,1.0,1.4122459,-0.3125529,-1.6559772,0.0,1.0,-1.3220421,0.48033705,0.29778284,0.804251,0.3957689,1.3116813,1.6254712,-1.6494448,0.24382243,0.36140263,-0.84106505,-1.0108945,-0.8782419,-1.624943,0.374317,0.3226528,1.6655886,-1.2950464
583,1.1578315,1.3531443,1.0,1.0,-1.4689839,1.3880873,0.559142,1.0,1.0,-0.85408396,0.09796092,-0.73715895,-1.6762046,1.3763636,-0.9698202,-1.1415108,0.6958698,-0.6231145,-1.1889889,0.023837438,-1.5399113,0.46441898,-0.56848395,-1.5168155,-1.0596961,1.1243656,-1.5743456
584,-0.95485514,-1.174884,1.0,0.0,-0.84016126,-1.0729109,-0.4057049,1.0,1.0,0.6495877,1.4371781,-0.4001108,-0.3293769,1.2064095,1.4317435,1.196984,-1.0145334,1.2355504,0.056401003,-1.3563488,1.0356866,1.4766066,1.0330255,1.3097792,-1.7563788,-0.30301338,-1.4108629
585,0.16729802,1.0654362,0.0,0.0,-0.16908051,-0.9467443,-0.26287985,0.0,0.0,-0.46952635,0.9529742,-1.1699364,1.0643677,-1.2661057,-0.09444862,0.8849416,-0.85515875,-1.6793897,-0.07193402,0.2601229,0.4478829,-0.42624885,-0.036785148,-0.38970527,-0.032503303,-0.23427974,0.190552
586,-0.10362075,-0.78926235,1.0,0.0,1.5764502,-0.89118624,1.7196734,0.0,1.0,-1.2058101,1.2753316,-0.8263611,-1.4289025,0.41222373,-0.07527421,0.8406139,-1.0995113,-0.49272522,-1.2479848,-0.6987884,-1.0765053,-0.95232296,1.2186458,-1.0340928,0.84303325,-0.65912056,0.6908689
587,0.028258245,-0.07401136,1.0,0.0,0.7857488,0.010749826,-1.5567423,0.0,0.0,-0.89382404,-0.829878,0.24613634,-0.11722014,-0.17697184,-1.4505221,1.6066581,0.46327308,-1.649494,0.92519754,-1.5853529,0.9935491,0.45887536,0.75355536,1.7100501,1.4169959,0.4847841,0.5744345
588,0.21999677,0.68933386,0.0,1.0,1.0594152,1.5822266,-0.49600166,1.0,0.0,0.92520475,-0.107759565,-0.57239246,0.6267566,-0.77895755,0.94307095,0.39259696,1.3979381,-0.1504096,-1.5438702,0.078518786,0.40312392,0.47839078,-0.90903425,1.187472,-0.61054903,-0.39691865,-0.17503116
589,-0.55463827,0.2804523,0.0,0.0,0.4470485,1.2099125,-0.86591727,1.0,1.0,-1.1410304,-0.23907894,0.26891768,0.7406647,-1.5304966,1.4146405,-1.6944227,-0.37297133,-0.14891867,-1.1396123,1.3403893,-0.89621335,-1.6299971,0.8298802,-0.80593026,0.3632816,0.19116925,-1.0922418
590,0.42728248,0.022370396,0.0,0.0,0.02492794,-0.77562016,-0.27789733,1.0,1.0,1.2112893,-0.1153896,0.670507,0.45627037,-1.305788,-1.0087948,-1.673836,0.19168532,0.9113469,-1.0387027,-0.6772905,0.89048296,1.129703,-1.2850381,-0.17798185,1.2080225,1.5030339,-1.1525105
591,0.1745507,0.31461772,0.0,0.0,-1.5056286,0.2984971,0.68722767,1.0,1.0,-0.99013317,-0.9031625,1.2958598,0.043311764,0.33309814,-1.6320823,-1.6405075,0.40769935,-0.6597458,1.0512996,-0.8345739,1.5131419,-1.5179923,0.13620508,-0.006568555,0.9770295,0.8919589,1.017863
592,-0.741198,-0.42430046,1.0,1.0,-0.19841267,0.25667408,-1.3164972,0.0,1.0,0.9899457,0.004591914,0.4238157,-0.7035059,-0.57694626,0.43158466,1.2429833,0.95732397,-0.8513308,0.052227046,0.018561391,-0.09382637,-0.55149704,-0.049706224,1.143107,0.0065691317,-0.70667803,-0.3684529
593,-0.616311,-1.4729761,1.0,0.0,-0.48507327,-0.5062745,-1.3596131,0.0,0.0,0.22824441,0.41618234,0.88900787,0.76581675,-1.4311897,-0.80133545,-0.83401823,-0.09755524,1.5992163,-0.25339717,1.592867,-0.45830217,0.01145974,0.06382905,1.7434179,-0.4843294,-0.14958607,-0.8569476
594,0.093354374,0.4510034,0.0,1.0,0.08523568,0.39867544,0.9886094,1.0,1.0,-1.0774149,0.015408092,-0.5867798,-0.88085127,-1.0747054,-0.20392042,-1.0996848,-0.6354553,-0.42424783,-1.6641945,0.01240413,0.24460721,0.099407054,0.2855156,-1.3112309,0.93093914,-1.06153,-0.24827063
595,-0.20987862,-0.12873885,1.0,0.0,-1.653212,-1.6182477,-0.3225747,1.0,0.0,1.7177349,0.25247088,-1.1031327,1.1573647,-1.7654306,0.34475762,-0.17125836,-0.4867319,-1.712225,1.0347979,-1.5119432,0.9770871,-0.9118593,0.7659686,-1.540167,-0.9090963,-1.5033685,-0.7362091
596,0.024136407,-0.15001196,0.0,0.0,1.1114664,0.6023944,-1.4074374,0.0,1.0,0.59402263,1.4271446,0.8860341,0.7187138,-0.6748245,-0.04915728,1.3013529,0.6184863,-0.08973401,-0.26677054,1.6240746,0.7620051,0.6453111,-0.7254887,0.67185414,0.5808433,0.27096185,0.63608897
597,-0.12644874,0.305834,0.0,0.0,-0.23981069,-0.4554961,0.8581405,0.0,1.0,0.20461944,-0.33395058,1.4018718,1.5479976,-0.058720745,0.39445597,1.2842114,0.77795875,-1.38222,1.3367008,0.19586973,-1.0389628,-0.623296,-0.2638689,1.7370344,-1.7186831,1.264987,-0.18129908
598,-0.21570456,-0.17418356,1.0,0.0,0.7005806,-1.0697284,-0.097819485,0.0,0.0,1.4196807,1.0188011,0.50891477,0.04144335,1.4136133,-0.1328012,0.58375317,-1.6413996,0.22705127,0.9850711,0.19771136,1.197692,0.8106682,-1.6569425,0.2518488,0.9096345,-0.48110983,1.6300142
599,-1.3838292,-1.7058073,1.0,1.0,0.022361675,-0.5368495,-1.4506031,0.0,0.0,1.4021947,1.1081036,0.26123753,0.6268485,-0.5342894,-0.119135454,0.618538,-0.3349678,1.0750711,1.1500286,1.6344206,-0.8189681,-0.05593293,-0.8084723,-0.06485307,-0.13304506,-0.7053662,1.4255531
600,-0.77479476,-0.17748763,0.0,1.0,0.8070706,1.4771706,0.87701356,1.0,0.0,-1.2779365,-1.3820931,-0.8576566,-0.9892509,1.625097,-1.5779859,-1.2930878,-0.08602621,1.7039872,-1.0667744,-0.4049211,1.0489787,0.11585301,1.3292478,1.6306089,1.4009726,-1.3648233,-0.15405521
601,-1.9643121,-2.2347598,0.0,0.0,-0.91976213,-0.24579109,0.5013832,0.0,0.0,-1.2636008,0.90364563,-0.4798913,-1.3048922,-1.681514,-0.9186279,-1.3541303,1.0639664,-0.76319504,-1.0669519,-0.24481347,-0.84138936,-0.77052426,-0.28157797,-0.3854212,1.143736,-1.6337284,-0.8194201
602,-0.08637726,0.48219424,0.0,1.0,-0.6544078,1.5642351,1.1026503,0.0,1.0,0.90122736,-0.16676699,-1.6872048,0.81847095,-0.9519979,0.72203594,-0.10524686,-0.010448059,-1.4113759,1.6374282,-1.6050581,0.971359,0.636961,0.4663897,-1.3395802,1.4893179,1.0209727,-0.34535664
603,-0.24533093,-1.284311,1.0,1.0,-1.387588,-0.6434869,-0.63788766,0.0,1.0,0.2658438,-1.6363747,1.4587247,1.1047531,0.85593176,-0.26300424,1.6436993,0.19702399,1.7491007,-0.21373649,1.2473646,0.31293857,1.2083787,1.3889346,-1.3729773,0.33084717,-1.0501364,-1.020475
604,-0.9513104,-0.5464579,0.0,1.0,0.47718728,-0.52138597,1.7332623,0.0,1.0,0.684152,-1.5617192,0.7476646,1.4779657,-0.6581768,-0.5628508,-1.7541378,0.4634382,-1.443662,-1.4747219,0.057445675,-0.823051,-1.3779125,-0.58569974,1.4060105,-0.15052195,1.6502682,0.19985951
605,-0.009576824,-0.13826005,1.0,0.0,0.25141665,-1.7021915,1.5846711,0.0,1.0,-0.40977773,1.4473317,0.80663174,1.1881591,-0.77158666,0.02435842,0.103549376,0.46324018,-1.1381714,0.21926272,0.15232494,-0.8019041,1.7065092,1.2023498,0.43321246,-0.4964062,-0.14310974,-1.1406087
606,-0.46113896,-0.32895723,1.0,1.0,0.10263893,1.4598458,0.48812345,1.0,0.0,-1.6218233,-0.90917295,0.9924427,0.1625433,1.3356895,1.4788202,-0.5920419,-1.6082462,-1.5723367,-1.0461316,0.5884358,1.0378741,1.5865959,0.36201254,0.06320149,-1.2616051,1.0010121,-0.11626815
607,-0.9051738,-0.81841725,0.0,0.0,-0.8147333,1.5026503,-1.635889,0.0,1.0,-1.4150033,-1.36948,-0.8355105,-0.06889924,-0.17665261,-1.1972889,-1.2898598,0.98405474,-1.4081359,0.4331283,-0.5891827,-0.88212794,-0.58927184,-0.26991975,-0.2687919,-1.4735008,-0.08213061,-0.054044656
608,-1.0787787,-0.6223359,1.0,0.0,-0.7613155,-0.9943049,0.2582975,1.0,0.0,0.6499445,-1.6034392,1.6892097,-0.72153765,1.4858737,-1.4792745,-0.3499193,1.0405959,-1.4281962,0.4025589,-1.3458115,-1.4282357,-1.1767213,1.0423598,-0.62456274,1.5050216,-0.8101901,1.1445922
609,-1.953127,-2.3124251,0.0,1.0,0.74353105,-1.3102844,1.379089,1.0,0.0,-1.3321922,1.0966843,-1.0169656,-1.6641687,-0.11931221,1.6795089,-0.66107416,-0.9753486,-1.6256813,1.3693551,-1.218429,-0.5907053,-0.68488616,1.4282789,-1.4358473,-0.6846382,1.4582244,-0.9692637
610,0.30782694,0.23540786,1.0,1.0,-0.9802092,0.21275304,0.22586218,0.0,0.0,1.6146328,1.3944684,0.9847847,0.17675887,-1.5460379,-1.3074906,1.5971668,1.2213303,-0.55619013,-0.21734817,0.14241141,0.9089119,-1.3690943,1.1575468,0.38414854,-1.7591143,0.3374827,-1.4215231
611,-0.8847908,-1.0156386,1.0,0.0,-0.6802708,-0.7706279,1.6356274,1.0,0.0,0.29522115,-0.6817464,0.04259068,0.11850982,-0.40614322,0.0867766,-1.2821385,1.4434336,0.465278,0.870437,-0.94622344,1.7307146,-0.4538002,0.74074984,1.6593722,0.96426284,0.5366495,-1.0873706
612,-0.81902605,-0.59654737,0.0,1.0,0.19143982,-1.5667651,0.74169207,0.0,0.0,0.6317603,-0.2978098,-0.68267083,-1.5103933,-0.6651383,-0.9214237,0.5926045,-1.2682382,1.4361993,-0.3457723,-0.46569082,1.4700693,-0.22635797,0.21382396,-1.3410943,-0.11289676,0.802544,-0.6972734
613,-0.97278553,-0.96555233,1.0,1.0,1.632942,-1.2135718,1.550748,0.0,1.0,0.15088606,-1.115753,-0.7269647,0.54566944,1.072958,1.0323851,-1.5818518,-0.48764768,0.24378431,-1.4244707,-1.0589348,-0.4525923,1.3442769,-0.9051631,-1.2662873,1.4324852,0.21997918,0.48048934
614,0.68503153,0.8193065,0.0,0.0,1.4707719,0.583233,-0.4970563,1.0,0.0,-1.0911367,1.3542271,1.3269215,-0.2858794,-1.401841,0.18736331,0.17671958,-0.3590472,-1.225129,-0.63766223,-0.7803986,1.4953445,0.077640034,0.5740902,0.7858107,-1.0056223,-0.80352294,-1.0780807
615,0.33920443,0.5140253,1.0,0.0,0.59564525,-1.2987039,-1.6578512,1.0,1.0,-0.8741985,-0.08581349,0.9925012,-0.4161913,-0.9398694,0.17097892,-0.88567847,0.003187209,-1.4512006,1.2150183,0.16403155,-0.9738502,-0.77252793,-1.674649,-0.14273259,0.33528054,-0.2987581,-1.1477563
616,-0.8663525,-1.5911702,1.0,0.0,-0.9370182,-0.104225375,0.25260833,0.0,0.0,0.5670201,-0.7661381,-1.0452704,-0.74559116,-0.9788046,-0.15246117,-1.6987569,1.7770351,0.93294364,0.29366076,-1.222368,1.733065,-0.49779037,0.051575407,1.6438788,0.8372272,0.69095606,-0.7093117
617,-0.92970043,-1.0173815,1.0,0.0,1.2344959,-1.5044246,0.7027341,0.0,1.0,-0.64445394,0.8281485,-0.08916545,0.7339967,-0.006235749,-1.0252029,-0.70709884,0.05593648,1.5999402,-0.14047049,-1.694014,1.3105147,0.95893216,0.39487773,-0.25899562,1.1145207,1.3550999,0.5712907
618,-0.46310255,-0.40337142,1.0,0.0,-0.46675453,-1.5791913,0.73787594,1.0,0.0,-1.5853071,-0.1799507,-0.29790068,-1.1519765,0.31841037,-1.2141833,0.081733026,0.016377825,0.13763297,0.026657771,0.6626217,0.7366498,-1.5440274,-1.0300232,0.87784404,1.3717549,0.045902632,-1.2074848
619,-0.85064423,-0.74182916,0.0,0.0,-1.0389936,-1.451017,1.4285204,0.0,1.0,-0.5698499,0.17083366,-0.2737915,-0.51790816,0.3396037,0.05133848,-1.0558666,-1.1131859,-1.0111288,0.49044496,0.20668484,-0.9991788,0.70628995,1.5901438,0.028403696,1.4474113,-0.24881719,1.1423597
620,0.66970193,1.7696044,1.0,1.0,0.116606876,0.2287606,1.1948657,1.0,1.0,-0.2874347,-1.5028558,-0.1484516,-0.6954292,-1.1429156,0.3421917,0.22807078,0.7290973,-0.6491835,0.1094436,1.5358711,-0.26683652,-0.17604372,0.5143476,0.23730427,-1.6964619,-0.4101183,0.6415728
621,0.1165495,0.48477495,0.0,1.0,1.458451,0.75474334,0.43154547,0.0,1.0,-1.1199572,-1.6185143,-1.2966175,0.3485389,0.20210859,0.35124564,-1.5279441,0.4193766,-0.05673644,-1.5577426,-0.061487954,0.018627845,1.631523,1.319271,-1.0461766,1.2087733,-0.1646197,0.6288477
622,-0.2387784,0.34836408,1.0,0.0,1.2510644,0.8413313,0.07217027,1.0,1.0,1.2048345,-0.77245814,0.79569936,1.2621831,0.3345128,1.1297516,-1.4061689,0.24684323,0.8831259,-1.6137915,-0.5173463,1.5557816,-1.6438886,0.6206906,-1.2415549,-0.6209313,-0.70759386,1.3439186
623,0.90383506,0.7305311,0.0,0.0,1.4896142,-0.006889651,-0.02977387,0.0,1.0,1.0382713,-0.9741596,1.6334311,0.9183374,-0.8548139,-1.5860289,-1.3550973,1.6424109,-0.42380804,-0.31686786,1.5970434,0.9300602,1.3783488,-1.2274135,1.1073804,-0.99153155,0.08688513,-1.097192
624,1.1265727,1.505189,1.0,0.0,0.8818306,1.6036911,-1.5894284,1.0,0.0,-0.13214576,-0.97781074,0.61506444,1.3147871,-0.73842925,-1.1298171,1.5205181,-0.5174058,0.66633064,-1.722704,1.1153014,0.09626194,1.5480179,0.9062364,-0.7052086,0.06649776,-1.557669,-0.54429436
625,0.49906948,1.3118086,0.0,1.0,0.6888581,1.0411417,-0.17094326,0.0,1.0,1.0933603,1.3968722,-0.22616598,1.6983337,-1.0907148,1.060386,0.33314767,-0.7778594,-0.13178647,-1.5611626,-0.4609181,0.2890047,-0.53094727,0.44220108,0.6170834,-1.7078934,1.1391592,-1.4282548
626,-0.4305529,-0.60324186,0.0,0.0,0.6969813,0.6698477,-1.6050792,0.0,0.0,-1.2012708,-0.9508266,-0.56961256,-1.560261,1.3796073,1.1404227,-0.54142,0.019773489,0.7247551,1.2500643,0.10257207,0.8273067,1.5909545,-0.59354377,1.2159662,-1.6001942,0.19678861,1.1920549
627,-0.66407263,-0.91489506,0.0,0.0,1.0565794,-1.4441417,0.15892252,0.0,0.0,0.082530126,1.3671315,-0.6048075,0.13130204,-0.6644358,0.1220572,-1.3807092,-0.83270615,1.0606993,-0.6901894,1.1563139,0.90451175,-0.95737016,1.293437,-0.033065412,-0.33340567,1.1001189,1.5405818
628,-0.045907933,-0.6844319,0.0,0.0,1.3928217,-0.58615506,1.6227056,0.0,1.0,-1.1091433,-0.5582794,0.4889714,-0.9636306,1.0850134,0.7226729,0.57128274,-1.05786,0.50777686,1.491651,-1.1310557,1.217488,-0.015855215,0.36567762,-0.5041752,-1.2306294,1.3376466,-1.1383917
629,-0.4515266,-1.0005549,0.0,0.0,-0.5084264,-0.5950837,-0.3516292,0.0,0.0,1.0673988,-1.453548,0.2571855,-0.34095734,-0.18218566,-1.0367018,-0.35513246,1.1291188,-0.4455921,-1.1258094,-1.0300847,1.4008597,0.4561956,0.22780295,-1.3687364,1.0472319,-0.056304142,1.0941132
630,1.2031423,1.9603492,1.0,0.0,-1.6561447,1.4070708,1.0766853,0.0,0.0,1.0095102,-0.51588356,-0.58487463,0.04501774,-0.24668433,1.0681193,0.6901279,-0.09052514,0.18141218,-0.2637815,0.008925795,0.069734395,-0.43768787,0.6425155,0.64326733,1.2636993,-0.7817877,0.18778022
631,0.8776222,0.2508482,1.0,1.0,1.3201826,0.17373288,-0.39428693,1.0,1.0,1.057604,-0.94682723,0.93876344,0.6127158,0.77702844,0.45053345,-1.25029,-0.7523811,0.2274105,-0.20061105,-1.4492474,1.0493956,-1.0081689,1.2035321,1.4165348,-0.90930223,-0.6164167,-1.5337175
632,-0.74495894,-0.7673701,1.0,0.0,-0.8269948,-0.6740081,-0.43577147,1.0,1.0,-1.658355,1.3943495,-1.3486171,-0.1590697,0.5852205,1.2586602,1.1041224,1.1280859,0.07974693,0.3493554,-1.2590196,0.5950527,0.18967544,-1.7101537,1.3331847,0.086558044,-0.7266986,0.4126469
633,-0.08271443,0.27909377,0.0,1.0,-0.12592204,-1.1859322,0.54033196,0.0,1.0,-1.716701,0.9227356,-0.09979227,-1.0019921,-1.5068003,-1.686822,1.6481727,-1.3508966,-1.5946153,0.6249356,0.85185784,0.4780321,-1.3038346,-1.2966985,-1.5781004,0.6847598,-1.3432131,-1.3556777
634,1.1966757,1.296277,0.0,1.0,1.4604379,0.5721764,-0.11862111,0.0,0.0,1.5573591,-1.5703012,-0.66681075,1.5309234,0.71069163,0.4866585,1.4298189,-0.25991294,-0.1158103,1.6761762,1.1868422,-0.5813815,-0.55332744,-0.14209816,-0.5204929,-0.11245044,0.15741266,0.9822899
635,-0.16901529,-0.03198322,1.0,0.0,-0.23644675,1.1494268,-1.5016345,0.0,0.0,-0.014896083,0.98748827,0.77126676,0.2279694,-1.254018,-1.1970043,-1.0025799,-1.1717144,-0.9140406,-0.4259808,-1.0485497,-1.5306368,1.2448552,1.5107613,1.0375596,-1.3058803,1.4219273,0.5446139
636,-0.7121007,-0.7261572,0.0,1.0,-1.6567465,0.3896259,1.4716977,1.0,0.0,-0.94683856,0.036622427,0.049682952,1.0139445,0.33698875,1.4417588,0.30212006,-1.1961466,-1.4185507,-0.9087853,-0.0021808483,-1.1826147,-0.62290734,0.96516126,1.4244733,-0.94269174,-0.02946824,-0.51891273
637,0.42358807,0.8861236,1.0,1.0,0.3458574,-0.10356828,1.0167085,1.0,0.0,1.3915607,0.17454049,1.6686289,0.36548126,-1.1560159,-0.7232924,-1.5563316,0.923023,1.732517,1.5240903,0.8825076,-1.0800295,0.81351554,0.3897839,0.87158966,0.06655428,0.719298,-1.1991504
638,-0.32810006,-0.9270871,1.0,0.0,1.3277453,1.6826429,0.7862521,1.0,1.0,-1.4317547,1.0155267,-0.032939315,-1.0384854,0.25661522,-1.6311735,1.3137091,-1.359292,1.0058001,-0.3896556,-1.5211935,-0.7896627,1.4835194,-1.6098374,-0.49147075,0.9427084,-1.3625851,-0.21824712
639,-2.002653,-2.1440012,1.0,1.0,-0.9227743,-0.36036783,1.4640697,1.0,0.0,-1.56904,-1.2706207,-1.0176564,-1.1985395,-1.4226005,-0.12315098,-0.04323005,-1.6004924,1.3089081,-0.87909234,-0.72876185,-1.4368372,-1.6825942,-0.3170297,-0.24552093,1.1660285,0.21413948,0.71384895
640,0.5372853,0.53316617,1.0,0.0,-1.5239418,1.4894284,-0.6422699,1.0,1.0,1.0171341,0.5284728,1.3586771,-0.81659406,-1.5151383,-0.51576084,-1.4106134,0.040599063,-0.6348647,0.50794446,0.928136,1.2707269,1.3302718,-1.5821594,1.3200992,-0.98566556,0.9182453,-0.5726625
641,1.1437997,0.338016,1.0,0.0,-1.5252033,0.8689297,-0.5174983,1.0,1.0,-0.5827039,0.13642225,-0.58344346,1.3735247,1.6729189,-0.15287271,0.12768573,0.54889417,1.3261472,0.91250503,-0.7191566,0.9990436,0.08330959,0.792532,1.0666755,1.4392318,0.88542503,-1.4443549
642,-0.91781986,-1.2188147,0.0,0.0,1.6450511,-1.6539997,1.1198276,0.0,1.0,-1.7093532,0.90035206,-0.98113626,-0.37062052,0.6700589,-1.5246266,-0.10934705,-1.5899154,-1.4496939,-1.7241737,1.5448916,0.9485089,0.3704956,1.3018506,-1.3788633,-0.81525147,-0.4105734,0.27762625
643,-0.26118758,-0.3275303,1.0,0.0,0.59809357,-1.1680735,-0.09258769,0.0,0.0,-0.20262353,-1.5169419,0.8019619,-0.5515489,1.4633693,0.5323348,-1.5304157,1.0423405,0.95833427,-0.36583516,-1.4497523,-1.2477492,0.66430163,-0.9017669,-0.57398534,-0.009526029,-0.79525584,1.4694859
644,1.0054542,1.6856892,0.0,0.0,1.5307535,-1.5822134,-0.7333347,1.0,1.0,-1.354472,0.9571321,0.37737307,0.7410366,1.073256,1.0735782,0.079409495,-1.0823853,-0.47851744,-0.94837034,0.554758,-0.2069001,0.49910596,0.44109738,-0.07608657,-0.044693913,1.5592997,-0.032539953
645,-0.3915153,-0.65176183,0.0,0.0,0.54077125,1.0575137,-1.6476314,0.0,1.0,1.2833259,1.22499,-0.69766253,-0.26644906,-1.4694378,1.1054881,0.9642006,-0.8112326,0.043916874,-1.1027088,0.68130136,0.1475801,-1.4428903,-0.74649173,0.52921087,-1.3936249,-0.40023804,-0.6003049
646,0.85949373,1.3925552,0.0,1.0,-1.1458874,-1.286641,-1.1102681,1.0,0.0,0.46107125,0.67905766,1.1256051,1.1865035,-0.5945647,-0.38985756,-1.3466814,-1.4344865,0.3997245,-0.8075419,-1.5724496,0.25873274,-1.7122421,0.09315145,0.6165713,-1.6993325,0.5549002,-0.5366444
647,-0.853077,-1.1487471,1.0,0.0,-0.81513107,0.9889681,-1.2922468,1.0,1.0,-0.34824648,0.6601533,-0.61628604,-1.6501336,0.88916767,0.6219874,1.6024389,0.8686401,-0.98037845,1.230814,0.783557,-0.87122494,1.5750781,0.34432143,1.1819927,-0.7790542,-0.006461291,0.78812295
648,1.1429211,1.8923317,0.0,1.0,-0.70542014,-1.7082146,-1.707589,0.0,1.0,-1.5101417,0.31970173,-0.90155554,0.2889441,1.3311702,0.846002,0.9026738,0.7128606,1.6796798,-0.65357316,1.2992712,-0.026913527,-0.08470188,-0.20960623,0.9235985,-0.79337627,-1.0692289,-0.7710395
649,1.4214116,1.2567294,1.0,0.0,1.0557201,0.018280163,-0.15113617,0.0,0.0,-0.16851981,-1.590248,0.25385776,-0.8856181,0.4854776,-1.0837294,0.29812336,0.48962408,-0.9190729,0.07148803,-1.2712014,0.90062994,-0.46401498,1.4943274,0.11433752,-1.2662168,-1.3264639,-0.11778307
650,-0.09398137,0.38162908,0.0,0.0,1.5962255,1.7023828,0.78385454,1.0,0.0,0.3288822,-0.19703555,0.7472279,-0.45799783,-0.33876795,-1.2264875,0.97495437,-0.8483732,-0.68978196,0.43738508,-1.4873253,0.12873287,0.08018737,-1.1040757,-1.5718964,1.4289776,-0.7036138,1.2670586
651,0.34300065,1.6462865,0.0,0.0,1.5523503,-0.72251046,1.0228975,1.0,0.0,0.59491724,1.3097199,-0.18101518,-0.5695762,0.6366606,0.40999797,1.3577546,-0.6606566,1.5651532,-1.1649816,1.1285218,0.4419132,-1.5488628,-0.2546492,-1.4547296,-1.0108066,-0.17756236,-1.4005976
652,0.51252455,0.9616671,1.0,1.0,1.1707488,0.22453097,-0.7447321,1.0,0.0,-0.7974291,-0.72247887,0.7402309,0.24999428,-0.31517613,-1.1286377,-0.91292566,-1.6140575,-1.511096,0.29917976,1.441936,1.3374738,-1.0198206,0.5992242,-1.6423388,-1.2937143,1.466394,1.018534
653,0.7881734,1.4435784,0.0,1.0,1.4053493,-0.27216473,-0.43720138,1.0,1.0,0.052383948,0.65871364,1.2125485,0.12397199,0.92475724,0.77328163,0.7299464,-1.4516047,-1.4820513,0.3015824,-0.9617949,1.3373599,-0.9167409,-1.5169291,1.1804138,0.3518684,-0.14620404,-0.8430599
654,0.31250304,-0.13879709,1.0,1.0,-0.48962143,1.6557263,1.2366669,0.0,1.0,-1.1166455,-0.9695092,-0.09658062,1.2842836,-1.1687286,0.7780239,1.6700131,0.29809248,-0.27364,1.1581575,-1.0044092,0.7078298,1.3845532,1.3168051,-0.27528834,1.4051415,0.04906212,1.6896157
655,0.5084447,0.7753667,1.0,1.0,-0.9561769,0.4785868,0.9542167,0.0,0.0,1.707975,-0.6683361,-1.0173357,0.729471,1.5807425,-0.25627634,0.20994827,-1.4070845,-0.9600996,-0.3749101,0.1654812,-0.4145073,0.6885554,0.15797676,-1.6130631,-0.6883099,-0.3907605,-1.4642698
656,0.11960059,0.45697233,0.0,1.0,-0.5825878,-1.6370051,1.6261082,1.0,0.0,0.09103122,0.5148356,-0.7197102,0.7366855,0.85193044,0.66652334,1.565416,-0.009500753,1.5889915,0.63856965,-0.83019984,-0.99186295,0.70682985,-0.14099638,-0.84600633,0.738048,1.0159932,-1.5993077
657,-0.5476535,-0.61581534,0.0,1.0,-0.71467227,0.9785373,0.6521216,0.0,0.0,-1.6429218,-0.27498257,1.1087911,-1.1987611,-0.036948346,1.1673774,-1.6493804,1.0543307,-0.07070378,0.4226153,-0.4290152,-0.6606879,0.36421382,-0.89429945,-0.8193807,-0.6107196,0.5095063,-0.016022373
658,1.7191287,1.8540655,0.0,0.0,-0.9105421,-1.6619298,-1.4296677,0.0,0.0,0.5084788,-0.8210339,-0.44508916,0.50564677,-1.4481393,1.626138,0.809371,-0.9614026,-0.09013824,1.0232737,1.4569702,-0.7400158,-1.6122788,1.3102804,1.2450376,-1.4276946,0.87629145,-0.92070884
659,-0.5159516,-0.9859262,0.0,0.0,1.1182277,-1.3633296,0.08515834,0.0,1.0,-1.7715248,0.6329221,0.07215405,-1.2689553,-0.67340857,0.4678801,1.3920413,-0.02537326,0.95598674,0.39998734,0.87980527,1.410037,0.62162924,1.6986511,0.583977,0.8682305,1.6666715,1.5444376
660,0.7164699,0.52160645,1.0,0.0,0.20502298,-0.7854459,0.24589616,0.0,1.0,-1.0185394,0.099642396,-0.31975722,0.5013253,0.07821849,0.6733518,0.7005972,1.0266042,0.49961165,0.91715145,1.0731245,-0.31981158,-1.1289306,-0.6911848,0.33276933,-0.46917164,0.29360324,-0.6033768
661,1.2003883,0.667343,0.0,0.0,-0.83025014,-1.6793863,-0.73075324,1.0,1.0,-1.3086812,1.5660357,0.00046724488,1.3298243,0.9055631,-1.3745825,1.3232718,1.5425534,1.4138596,-1.4073522,-0.4803248,-1.0587884,-0.17344734,1.4986272,-1.2026806,-0.34331593,-1.3932796,-1.3382843
662,-0.28307873,-0.9430306,0.0,1.0,-0.3585337,-1.5141681,1.2584507,1.0,0.0,-1.0487416,0.87361753,1.7433846,0.46984702,0.028108226,-1.4265193,0.3037115,1.1377833,0.13443696,0.0527892,-1.4456029,0.046928525,0.7250178,0.8070475,1.7367489,-0.6834161,0.61836374,-0.40327445
663,1.8109237,2.140311,1.0,0.0,-0.13967042,-0.037448123,0.5171383,0.0,1.0,0.673334,-1.2223977,1.3135481,0.95777434,-0.36828756,-0.72775054,-0.87297887,1.1581845,-0.38327026,0.73425835,-1.0833335,-1.0714104,1.3497161,-1.3743708,-1.2050902,1.0369726,1.3423662,1.2182798
664,-0.0075255902,-0.3580153,1.0,1.0,1.6579936,-1.2588012,-1.3580923,0.0,1.0,-1.7324123,-0.796846,1.6314433,0.35797,1.2761791,1.2598355,-0.5683721,-1.4319174,-0.20996308,1.1101087,-0.6724136,0.6446365,-1.5935118,-0.8794349,-1.5445206,-0.047061868,-0.1671344,1.1736501
665,-0.31426597,-0.16675726,0.0,0.0,-0.40342876,0.99711716,1.6017088,1.0,1.0,0.6001696,1.4141589,0.92380714,0.7822495,1.5919148,0.5034304,-0.5077027,-0.13146096,1.1050808,1.0601708,0.6035036,1.6995099,-0.6512779,-0.77925605,-1.6323637,1.1818264,1.1260495,-0.31997842
666,-0.38109347,0.44068503,0.0,1.0,-1.272543,0.56221116,0.45697853,1.0,1.0,1.2954149,0.124141164,1.0142151,-0.6671939,-1.4411429,1.6618448,1.2057091,-1.3038695,0.3046263,-1.2581162,0.008653498,-1.2717378,1.0357903,0.4618042,-1.216604,0.40879542,0.20200059,1.5413389
667,-0.008418315,0.47969157,0.0,0.0,-0.7667993,1.1116371,-0.16354705,1.0,0.0,-1.5301017,1.6480765,-0.39797845,-1.148044,-0.6097026,-1.6892841,-0.12513214,0.25283682,-0.83458406,0.5340578,-0.6871078,-1.1239094,0.9963899,1.4332775,0.26108736,0.83998674,1.1809349,1.4473103
668,-0.79126126,-1.0613633,1.0,1.0,0.73152757,1.4221386,1.5865948,0.0,1.0,-0.70732653,-1.5467743,0.9518527,-0.38570854,-1.4218656,0.08763179,-0.39857453,0.22327095,-1.0266156,1.6021681,-0.42413285,-0.62999266,0.31989515,-0.61281455,0.470899,-0.54619163,0.7282495,-0.08809547
669,-0.5713934,-0.67780936,1.0,1.0,0.47011614,1.0624168,0.30438718,0.0,0.0,-0.0835205,0.36027095,0.9716545,0.3103103,-0.11123782,1.0075362,-1.2660449,-1.456269,-1.6064513,-1.2712864,-0.21350986,0.39708996,1.476498,-1.2776263,-0.08014815,0.9408144,0.7904704,1.6870477
670,-1.097856,-1.3789409,0.0,1.0,-0.6770012,0.30207434,-1.3487879,0.0,0.0,0.82525903,1.0969595,1.3967031,1.0105932,1.2883914,1.1278199,1.0881411,-1.5408043,-1.1232047,0.88947153,0.86502695,1.5349513,-0.3248032,-0.08210352,0.4176502,0.16230878,-0.19964254,0.22267306
671,-1.3269526,-1.3202976,0.0,1.0,-1.1255814,-0.95539236,1.4753789,1.0,1.0,-0.35165936,0.9804935,0.45276564,-1.5213853,-1.3725877,-0.15782718,0.88651985,-0.87951785,0.7558291,1.1477559,-1.255659,-1.44323,-0.2639526,0.11366033,0.6264595,1.2668529,-1.4185729,-0.45493516
672,0.35050467,1.1097435,1.0,0.0,1.6156213,1.0248835,-0.5281145,0.0,0.0,-1.0655954,-0.9030347,0.05518114,-1.5118067,-0.60639507,0.20989433,0.060132973,-1.047022,-0.05214553,-0.2884514,-0.90045106,-0.74492866,-1.1536521,0.46024328,-0.058020875,0.614378,1.5769453,0.58614796
673,-0.12394508,0.5975617,0.0,1.0,0.49731994,-0.5138775,1.076979,0.0,0.0,-1.1514127,-0.90996855,0.26164165,0.16959609,-0.5999817,0.2230342,-0.19624256,-0.99153453,0.33516222,-1.1958543,1.5289618,-0.08112062,-1.2898788,0.25687194,0.9567576,0.69726896,-1.4837395,-0.3157079
674,1.6730419,1.4523463,1.0,1.0,1.2019973,-0.370379,0.24080998,0.0,1.0,1.1448864,-0.85412884,1.2171549,0.43547094,-0.85852754,-1.2221373,0.93597835,-0.7114059,1.6800398,-0.7268381,-0.83129996,0.3076182,1.6971182,0.09684873,-1.6815692,-0.55352104,1.5770857,-1.0068272
675,-1.3977933,-1.993274,0.0,1.0,0.13333729,-0.7187481,1.3410838,0.0,1.0,0.66635334,1.3935349,0.6101829,0.6562708,1.1701375,-1.1837996,-0.23233603,0.19955184,-1.455806,1.2634327,-0.5256687,-1.3233287,1.2709281,-0.864827,1.4132079,-0.4390621,-1.6309735,0.30333808
676,0.3841229,0.8541302,1.0,0.0,-1.544474,-1.4376723,-0.81233484,1.0,0.0,-0.5875036,-1.5639696,-0.60803956,-1.1378299,0.5782722,0.15008992,1.1716486,0.81983805,-1.7014095,-1.1652812,-1.2330276,0.2102413,0.06679934,-0.32611054,1.4610521,-0.6289791,0.54457504,-0.054372042
677,0.77773994,-0.22422917,0.0,0.0,1.5531079,1.4976472,0.14149477,0.0,0.0,-0.40588805,-1.5665606,-0.42192158,-0.29157966,-0.10717591,1.5313437,-1.4749498,1.7063333,0.24395043,1.61486,1.3218033,-0.88654345,1.0447581,1.2422789,0.17563145,-1.2125334,1.1567798,-1.2506268
678,0.23907268,0.4989658,0.0,0.0,-0.63871354,-0.22153026,-1.6378955,1.0,1.0,-0.19061558,0.6954695,0.16622654,1.4837662,1.133764,1.674454,0.79163766,1.6186199,-0.4397762,-1.3202436,-0.9437263,0.80297446,-0.7241643,0.087528154,-1.245401,0.15066804,-0.598703,0.5261639
679,0.021332046,-0.9764932,0.0,1.0,0.8716277,-0.8204661,-1.0019805,0.0,0.0,1.2740127,0.6333066,0.032966085,-0.59651357,-0.6214276,-1.6558503,0.3698217,1.1962413,0.9774377,-1.1974939,-1.1153951,0.9593997,1.5097333,-1.5945795,0.9957677,-1.6329523,0.9704835,-0.20906007
680,-1.2636514,-1.0755062,1.0,1.0,-1.3298233,0.641588,-1.6987271,0.0,0.0,-0.83564657,1.6802893,1.1148087,1.6831688,-0.26113474,-0.39647532,1.3364867,1.6363932,0.61946815,1.0584222,-1.577265,0.65536964,0.16519672,-0.89566797,-0.6137459,-1.6867223,1.1851468,-0.60074294
681,1.5762242,1.676845,1.0,0.0,1.1905297,1.5472964,-1.635441,1.0,0.0,-0.8810947,-0.31410074,0.17123482,-1.717818,-1.5452422,0.33165354,0.8329486,0.926514,-0.61487985,-0.78964114,1.4785268,1.7134898,-1.7566426,-1.2173771,0.08644058,0.11578943,1.5705162,1.5618683
682,1.0946473,0.9098697,0.0,0.0,-1.5751733,0.11026412,-0.22223358,0.0,1.0,-0.16763349,0.8211977,-1.4431287,-0.3017857,0.5959825,-1.1772379,1.2440594,-0.22988538,1.5586578,1.2820185,-0.4577169,-1.1922088,1.2672964,-0.023544496,1.1154878,-0.6834057,-1.6777883,-0.31544006
683,0.6550501,0.16612707,1.0,0.0,0.59810364,0.6641117,0.14591633,0.0,0.0,-0.51283616,-0.92052484,1.0244226,0.7269556,0.101159304,0.52849966,0.0067365323,-0.29071793,-0.8370994,0.5885397,0.545184,0.5606807,-1.4531498,1.6363468,-1.6191437,-0.46348122,-0.807648,-0.4244605
684,-0.57277983,-0.32932538,0.0,0.0,-0.52470666,1.6494982,-0.89141285,1.0,0.0,-0.7283309,1.2753601,1.41781,-0.63381064,1.6341192,1.3417832,-1.0032985,0.6877311,-0.6746219,1.6249027,-0.17551886,0.81121147,-0.3513639,-1.6288455,1.5249244,0.5512342,-0.059213877,0.42560202
685,1.1765089,1.3771777,0.0,1.0,1.4114031,0.7994094,-0.16512027,1.0,0.0,-0.732873,-0.5535342,1.2685249,1.4020324,0.13586646,-0.523683,-0.9527356,-0.3375131,0.08093102,0.6345537,-0.6903406,-0.67898566,-1.1346853,0.45747998,-0.038981993,0.22012396,0.17200156,0.8146042
686,0.34649795,0.4151971,1.0,0.0,-0.43113083,-0.25044093,0.8633554,0.0,1.0,1.1622775,1.2553244,0.7235399,-0.8926442,1.6047647,1.0423603,-0.59122324,0.17910834,-1.2467484,1.5785779,-0.87445533,1.3312578,0.28525236,-0.20257176,-1.6235046,-1.3205329,1.4703863,-1.5673175
687,-0.23975542,0.7996542,1.0,1.0,1.2105025,0.41416073,-1.3294953,1.0,1.0,-0.18973376,-0.67610854,-1.1113893,1.4658985,1.3917093,0.45410568,-1.109462,0.14683783,0.2045668,-0.12659022,-1.21472,0.7092124,0.050910998,-0.42727366,-0.35587847,1.0604749,1.3769826,-0.8913814
688,-0.90745205,-1.0079627,1.0,0.0,-0.48002303,0.9114691,-0.8297773,1.0,1.0,0.6816171,-1.2399241,0.28175345,-0.9498946,-0.44710463,0.32563418,-0.9555392,-1.5445414,0.3968489,0.6978486,0.38031155,-0.830694,-1.5387161,1.336867,-1.184612,0.46191698,-0.45374876,-0.31803942
689,-0.053079545,-0.28081802,1.0,1.0,1.0989031,-0.417784,-1.1295682,0.0,0.0,1.2848884,-0.63267297,0.19167154,-0.17942141,-0.5792525,-1.465619,-1.6309053,-1.1389191,-0.37229645,-0.4580193,0.092272505,-0.9060546,-0.97318196,1.0862836,0.9842693,-0.047918685,-0.57371294,-0.09101841
690,0.85783565,1.493393,0.0,0.0,1.6764854,1.10215,0.11338023,0.0,1.0,0.89774364,0.21168552,1.4419602,-1.5143294,-1.2828145,0.7035326,1.0187016,-1.2137662,-1.5623003,1.1995189,1.4011943,0.46091604,0.49922574,0.74008965,0.2906585,0.5009115,1.4499236,-1.1431061
691,-1.4264048,-0.06353431,1.0,1.0,-0.006980536,-0.5298341,-1.0866231,1.0,0.0,1.0494642,-0.07161388,1.0952368,-0.8220955,1.2202201,-0.6170379,-0.08688192,0.36001316,-0.2636742,-1.4237239,-1.3966209,1.4857981,0.2531953,1.4166015,0.06629726,-0.22334838,-0.20227379,-1.0219605
692,-0.4317781,-0.69636667,1.0,0.0,0.83153147,1.6616014,-0.80751824,1.0,0.0,-0.15062608,-1.5586778,-0.8796232,1.0620927,-0.4873079,-0.3215531,-1.2021086,0.25454143,-1.3767288,1.0035809,-0.801895,-0.6622819,-0.922585,-0.44449162,1.6344589,-1.6234937,1.5026137,1.5472884
693,-0.13986714,-0.21031246,1.0,0.0,0.80014175,-0.6955344,-1.0991776,0.0,0.0,-0.4725962,-1.0986,0.84885937,-0.07612238,-0.6781363,-0.53447056,0.96304697,0.54522973,-0.6667167,-1.1634212,0.15809831,-1.35747,1.6317359,-1.4898266,0.95642453,-1.7447337,0.40591985,-0.615131
694,0.85612434,0.6649063,1.0,0.0,-1.5944021,1.21532,1.2559495,0.0,1.0,-1.680965,0.37905547,0.30708963,1.5782628,-1.0824425,0.3218676,0.014654071,1.4403913,-0.37660822,-0.26314843,-1.6100824,1.2705197,1.2172093,-0.67156583,0.1723501,1.162062,1.3664267,-0.9393954
695,-0.0021382454,0.14089137,1.0,1.0,-1.5193911,-0.3128267,-0.015889464,0.0,0.0,1.1240685,-1.2689561,-1.4070871,-0.4431895,0.3617898,-0.42001224,0.6503353,-0.021773461,-0.39733645,-0.7621483,0.951798,-0.28103125,0.11970617,-1.4719824,-0.3079319,0.57856154,-0.26063132,1.5425688
696,-0.8156691,-0.44558084,0.0,1.0,-0.9203623,-0.67437804,-0.47219402,0.0,1.0,-1.3098685,-0.9107535,0.37620637,-1.6821333,1.6386849,1.0605963,0.7569772,0.1999675,1.6305696,-1.5290989,-1.5506421,0.11555341,0.978319,-0.45817235,0.43406087,0.8246082,0.051968213,-0.9240887
697,-0.70793617,-1.0114759,0.0,0.0,1.176763,-1.4634563,0.2791627,0.0,1.0,0.10084755,-0.9117685,0.27614793,1.5484841,0.51524734,-1.7000371,0.98155236,1.0105647,0.11072181,1.0476098,1.3188895,1.6916668,0.0141523965,-1.6636713,-0.818065,1.107126,1.6797289,-0.38535357
698,1.2443818,1.1539265,0.0,0.0,0.3745958,0.5775391,1.3908789,0.0,0.0,1.6215217,1.0164415,1.6176116,-1.1719482,0.9238036,0.04406777,1.5648195,-1.0602607,-1.1934091,1.3972635,0.72393984,-0.06638217,-0.20498164,0.79511815,-1.393434,0.748015,-1.0887852,0.86830807
699,0.023737611,-0.37946588,0.0,0.0,-0.2428866,-0.25348392,0.83285284,0.0,1.0,0.3288819,-1.5898807,-0.86758405,-0.32040957,1.6225119,-1.572296,-0.064317025,0.7522986,0.27088782,-1.6453438,1.1124156,-1.0950202,0.7557779,-0.29024726,0.46330452,0.70515424,0.82984096,1.1972369
700,-0.7801602,-0.6761538,1.0,0.0,-1.409465,0.30715021,1.6510723,1.0,0.0,1.430618,1.4952928,0.7768012,-0.14896716,0.7947121,-0.76238346,0.95874697,0.7599639,0.7148605,1.6512735,1.2010871,0.73845845,-0.440029,-0.9051015,0.9711411,-0.6888085,-1.4472375,-0.7259672
701,1.2438799,1.139042,1.0,1.0,1.075977,-0.10604907,-0.3482586,1.0,0.0,0.5634687,-0.032144003,-1.291539,0.54013807,-1.1446444,0.66598564,-0.97839814,0.34962755,1.2473146,-0.7714706,0.9632443,-0.19587703,-1.7494715,-1.4287041,1.1555693,1.3863151,0.4455818,-0.537683
702,1.0633751,1.2512798,0.0,1.0,1.1659157,0.58698696,-0.68186665,0.0,1.0,-0.64647466,-0.5781339,-1.627102,-0.9410043,1.0485188,1.4118432,1.6740257,-1.3255161,-1.2291898,-1.0491163,-1.5826348,-1.6043975,-0.32452166,1.052237,0.0111043155,0.37614027,-1.2344404,-1.402927
703,-0.95466554,-1.045525,0.0,1.0,-0.49244052,0.017682344,-1.593102,1.0,1.0,-0.62508047,-0.13689421,-0.36659265,-0.9082679,0.019777607,1.6449647,0.73627484,-0.3142451,-0.41787022,0.47961122,-0.124957345,0.8411096,1.6644902,-1.3573184,0.6118958,-1.2606149,-0.039935067,0.24822283
704,0.35131064,0.43043342,0.0,1.0,-1.4299426,-1.0390038,-0.95332366,1.0,1.0,-0.4675227,0.74699646,1.1360698,1.5457911,0.049245477,1.127234,-1.5173534,0.70005924,-0.913125,-1.0211252,-0.45737287,-1.2628947,-0.10146178,1.0783134,-1.1036286,1.3856293,1.4113544,-1.422466
705,-0.61796504,-1.3340873,1.0,1.0,0.31484324,0.122296,1.7096529,0.0,1.0,0.6974906,-1.0026044,-0.830204,-1.2325264,-0.8977428,-1.4106728,1.0416871,-1.2732582,-0.9226786,-0.7831406,-1.6854848,1.2991052,1.3905905,1.3395498,0.73885494,0.8542163,-1.4035468,0.6153254
706,-0.062080916,-0.32444772,1.0,1.0,0.015315071,1.0982258,-0.38427082,0.0,0.0,-1.0198619,0.08355796,-1.5578812,0.14671282,0.745397,1.6632286,1.4037746,1.5432708,-1.5131574,-0.7185962,-0.70471483,0.022565203,-1.3131416,-0.82735574,-0.6634465,0.3092207,0.94446295,-1.5547253
707,0.20126499,0.027525455,0.0,0.0,-0.19921602,0.42302692,-1.6089323,0.0,1.0,0.09603499,0.55983007,-1.0255848,0.11737025,-1.6706247,0.16093393,0.6377156,-1.5459511,-0.8862705,0.7204394,0.13008398,1.089106,0.46793273,0.057135932,0.6583346,-0.0020110493,1.6683648,0.8095285
708,0.8789409,0.9705475,1.0,0.0,-1.0596908,1.6850934,1.2435857,0.0,1.0,-0.5543205,0.7406383,-0.8956634,1.1302453,0.9582956,0.18300018,1.0188527,-1.3492453,-1.5868971,1.404998,-0.8772289,1.2345539,-0.25997928,-1.0785369,1.6038004,-1.3453571,-1.2411838,0.80518746
709,-0.8436561,-1.3057363,1.0,0.0,-1.3086536,0.10442995,1.5137607,0.0,1.0,-1.4492856,1.5025909,-1.6257936,-0.23118138,-0.4602986,-1.3128964,-1.3150581,1.0854876,0.4921048,0.14483227,0.5436645,1.7016654,1.0286194,-1.237421,-0.5759969,-0.17233494,-1.6983156,-1.5472496
710,-0.25843984,-0.48495096,0.0,1.0,0.48443884,1.4267641,-1.0780761,0.0,0.0,-0.9887078,-0.9391072,-0.9618788,1.2968235,-0.36040798,1.3683419,-1.4503379,0.25429818,0.7961296,-1.6744716,0.08464567,1.3862656,-0.9537979,-0.84316343,-0.57195187,0.8755921,1.699863,-0.83668244
711,0.0029526416,0.43905514,1.0,0.0,-0.810507,0.45150912,-0.30964547,1.0,1.0,-0.43590382,-1.175768,1.318222,0.6781342,0.93783,0.93530923,0.24812376,-0.4140664,-1.1663978,0.21637535,1.4570982,-0.3435864,-0.120756194,-1.713007,-0.73082036,1.5049047,0.85341823,-1.5469178
712,-0.2033616,-0.0039791847,0.0,1.0,-0.9894197,0.89265597,0.93620104,0.0,0.0,-1.2240733,1.0148476,-0.38465077,0.7120432,0.29295248,-1.2117635,-1.0260078,0.83374393,0.54523855,-0.789913,-0.38877153,-0.4069381,-1.2484092,-0.78127354,-0.18531737,-0.7834342,-0.5764396,-0.046002164
713,-1.495617,-1.7754866,0.0,1.0,-1.3895848,-1.275508,0.8839406,1.0,1.0,-1.3687927,-0.8500437,-0.9509865,1.403992,1.0070189,0.5494629,1.1060975,-0.9725489,0.03477673,-0.96964896,-1.1399813,0.04090981,-0.353717,-1.2560797,0.08150564,-0.0941686,0.3354805,1.5369539
714,-0.6424496,-0.646069,1.0,0.0,-1.0323644,-1.0730798,1.4265614,0.0,0.0,-0.8373072,-0.55756456,-0.3508607,0.6551956,-0.0036545605,-1.7323649,-1.7570765,0.20555939,0.0048891166,-0.560946,0.81098706,0.81622136,-1.3000029,-1.4362452,-0.6630257,0.08610226,-0.23199755,0.19616619
715,1.015506,0.8746578,0.0,1.0,1.5951322,1.5249327,-0.44033575,0.0,1.0,0.81873244,0.7413107,-0.6443503,-1.0558676,-1.3743517,0.7411585,0.69915134,1.048956,-0.3704249,-0.43255377,-0.21311502,1.6204288,0.012795968,0.90007704,-1.6270987,-0.559757,-1.2537578,-0.8391616
716,0.34388533,0.45317712,0.0,1.0,0.019068668,1.3501344,0.14866996,1.0,0.0,0.64165944,0.9510437,-0.88138115,1.1436489,0.9198356,-0.57066274,0.8535723,-0.14320502,-1.2599779,0.10805092,-1.1357452,1.0886668,-0.54818934,1.4352746,-0.7654515,-1.1164482,-1.1366767,1.0109416
717,-0.74092275,-0.8625155,1.0,0.0,-0.18641831,-1.4347806,-0.18158351,0.0,1.0,0.9662246,0.2657392,0.29295734,-1.0910368,1.230042,1.0891763,-0.062918626,1.2863439,-0.770845,-0.5303505,0.14429554,-0.026741864,0.14279817,1.6755772,-0.26706043,1.4980967,-0.39465216,1.2506008
718,-0.56356,-0.97160554,0.0,0.0,1.3753428,-1.1182863,0.93889266,1.0,0.0,1.0008612,-0.8433843,0.6372199,1.7128482,-0.7094229,-1.3279881,-0.94618696,0.053354427,0.8178157,0.3332758,1.5868572,0.8282407,0.25441068,1.461215,-1.3124583,0.49725938,-1.200133,0.7259825
719,0.46914485,0.52391464,1.0,0.0,1.1271895,-0.4716952,-1.3355232,0.0,1.0,-0.07127822,1.3684179,-1.3272195,-0.8906953,0.7010293,-0.594165,-0.9560085,1.2868454,0.58512795,-1.7039274,-1.0666968,-0.53822106,-1.7673314,0.06263472,-0.14976308,-0.3726214,0.51056725,1.2194821
720,-1.1612121,-1.8288817,0.0,0.0,1.0710058,-1.2084923,1.1592472,0.0,0.0,0.19440195,0.34635168,-1.358113,1.6801457,-0.44832242,1.4034989,0.18392096,-0.32910988,-0.5799876,-0.90456134,1.5049787,1.6358819,-1.6551174,-1.2494459,-1.2274784,0.736926,0.055967495,0.86892635
721,-2.250784,-1.956621,0.0,1.0,-1.3257103,-0.7863589,0.3083536,1.0,0.0,1.2995801,0.9642346,-0.104753904,0.2736297,-0.27711624,1.1815281,0.20172426,1.0406748,0.35160646,-0.35945734,-0.8173471,0.020973248,-0.9801412,1.570602,-0.6720292,0.83235484,1.5840088,-0.828643
722,0.8753776,1.3102725,0.0,0.0,1.5661972,-0.9252531,-0.35353902,1.0,1.0,1.37605,-0.069515206,0.81723934,-0.72357196,-0.61506754,-0.6816946,1.2957867,-1.2948627,0.5679764,-1.317618,0.14226528,-1.2095765,-1.4294491,1.1748348,-1.050724,0.63002,1.1799238,1.1532981
723,0.8620118,1.2534546,1.0,1.0,1.4705408,1.1888787,-1.4302785,1.0,0.0,0.52613765,-1.5847473,1.2554297,-1.6072983,-0.8924563,0.60735005,1.592103,1.3642383,-1.1512378,0.48612866,1.4301195,1.4503628,-0.9062208,-0.5644269,0.11046568,1.3731744,0.74692166,0.6157696
724,-0.06364015,-0.6632265,1.0,1.0,0.21231192,1.0566152,1.3328723,1.0,0.0,1.3688105,0.89278364,0.56845254,0.22637473,-1.0952237,-0.68035865,0.07520024,0.40822273,-0.3299217,0.89711094,0.5841804,-0.10582348,1.1222177,0.4968167,0.3990499,-0.56696695,-1.0820109,-0.6220248
725,-1.0270423,-1.0810364,0.0,1.0,-1.0509533,-0.047558583,-1.6288805,0.0,0.0,-0.46306548,1.3411436,-0.5052074,1.1513984,0.90221816,1.2855178,0.9204706,-1.2486948,1.0016785,1.0728596,-0.97783995,1.2683705,0.004130458,-1.3145846,0.89655954,1.3364298,-1.4996552,-0.34896135
726,0.69818294,1.0788089,0.0,0.0,0.6468789,-0.72131646,-1.3029546,1.0,0.0,0.45122117,-0.2826555,1.0350025,-0.5511302,-0.26910037,1.6393849,0.98556507,-1.5997274,-0.6801436,-0.8164819,-0.90866995,1.5886645,0.10740201,-1.0753704,-0.20560792,0.0102486955,-1.0952259,-1.2084434
727,1.5099204,1.6185409,1.0,1.0,-1.2603842,0.7709229,0.03792338,0.0,0.0,0.034267657,-0.11246853,-1.0990703,0.1042119,-0.780823,0.74706155,0.76568097,-1.0412511,1.7483712,-0.9502276,0.26180634,0.15980569,1.2954797,-0.064158425,-1.2407335,-1.7317313,1.2355958,0.92282337
728,-0.24675311,-0.10005692,1.0,1.0,-1.6574259,1.5505052,-1.2357248,1.0,0.0,-1.0464969,0.08230678,0.6645136,1.0711049,-1.2945908,-1.1453543,-1.4866648,0.4799408,-1.1872505,-0.15908347,-0.040604863,-0.267175,-0.39261514,-1.4425697,-1.0596037,1.1462874,-1.4696437,1.166115
729,-0.6735024,-0.59741443,0.0,1.0,-0.34708577,1.0216767,0.45721665,0.0,0.0,-1.2813244,-1.129608,-1.5134336,-1.686742,0.96794915,-1.3788521,0.608117,1.4127558,-1.5279576,0.46982482,-1.6994256,0.9458429,-0.18409736,0.46619108,-0.45200825,-1.684496,-0.30408993,-0.3747296
730,1.4891236,1.8511453,0.0,1.0,0.77191365,-1.4781333,-1.4420569,0.0,1.0,0.31239608,0.58857685,-0.18622561,-0.5002966,-1.044421,-1.4788537,0.18106578,0.21655153,1.4526258,-1.3544769,-0.5375635,0.6204621,-0.09799592,-0.0630367,-0.13153625,-1.1585634,1.3446182,-1.3833663
731,0.29305986,0.23833464,0.0,1.0,1.2321303,0.2913348,1.6478517,0.0,1.0,-1.216145,-0.6951258,1.4523916,-0.92444724,-0.43390396,-0.5804558,-0.9530502,-1.0788862,0.5289064,-1.5703444,-0.2591524,-0.9071461,1.2697642,-0.6379282,1.3869095,-0.41126418,-0.22785781,0.8941838
732,1.0141205,0.31449544,0.0,0.0,-0.58640176,-0.92277026,-1.1606404,1.0,0.0,-0.80494153,-1.3616012,0.23902664,-1.5827852,1.2599581,-1.1307421,0.5113991,-1.0339507,-0.2532858,0.09607876,1.513446,1.634858,-0.16638984,-0.35970047,-0.24359192,0.15208155,1.3436089,1.550631
733,0.5638937,0.7060456,0.0,0.0,0.774942,-0.87204915,-0.35123077,0.0,1.0,0.12725456,1.0927124,0.45325193,-0.70435864,-0.20868857,0.46128818,0.017468357,-0.025215255,-1.6551663,1.2016604,0.7791993,-0.3349892,-0.3474532,-0.02194144,0.2318357,0.3877254,-0.4538094,-1.2618781
734,1.9452327,2.9115515,1.0,1.0,-1.0553573,1.0537044,0.4505861,0.0,1.0,-1.3857366,-0.038973756,0.2083969,0.99643636,-0.53338057,-0.9869544,1.5026711,-0.8983385,0.44560632,-1.3988743,0.82967716,-0.2629703,-0.6387467,0.5800276,-1.5571184,0.632833,1.5198358,0.58912206
735,-0.5594409,-0.22476189,1.0,1.0,-1.6658773,0.20796624,-1.0462168,1.0,1.0,-1.472237,-1.0800539,0.95023924,1.362889,1.1102443,-0.7902071,0.6581037,0.19464368,0.86417425,0.6748083,-0.14413309,0.911756,1.4118167,-1.4396921,-0.095768124,1.1111571,1.4153609,1.3856181
736,-0.68610275,-0.39408633,0.0,1.0,-1.5848038,-0.84778625,-0.45171452,0.0,1.0,-1.570337,-1.1398474,-1.1600157,-0.90460926,-1.7290288,0.05748961,-1.1662353,-1.2730901,0.29164353,-1.3042579,-0.27429095,-0.9530593,1.5235388,1.5338655,-0.8290257,0.76202077,-1.4259309,0.7100684
737,-0.61111176,0.26951525,0.0,1.0,-1.1398593,-0.15841341,-0.905312,0.0,0.0,-0.40499946,1.0641845,0.866791,-1.0915323,-0.68610984,-1.5961425,1.0424166,-0.99799484,0.0021163542,-1.6273613,-1.1506798,0.9774975,1.42708,-0.8064941,0.42550495,1.2886264,-0.65134084,1.5499856
738,-0.9298498,-1.2444805,1.0,1.0,-0.40126765,-0.89035636,1.2715856,0.0,0.0,-1.1919954,0.8434565,0.19338498,1.1349957,-0.51900345,1.030201,1.388333,-0.20039104,1.2966751,-0.44255802,0.5974682,0.27815983,1.6249895,1.6269327,-1.2136965,0.66477776,-1.6984282,-0.68479407
739,1.3065848,0.88889766,1.0,1.0,0.67196196,0.2630935,0.53099465,0.0,1.0,1.0454818,-0.19174668,-0.96522087,-0.3250344,0.40306723,1.253395,-0.38519025,0.47952002,-0.8790476,-1.470863,1.419562,-1.1098933,-0.6061582,1.1102343,0.7868447,0.6820883,0.045478083,-1.1406021
740,-0.40661666,-0.5656606,0.0,1.0,-0.3259144,0.9267927,0.9556201,1.0,0.0,-0.80263734,0.46883002,0.9789404,1.269857,-1.3452928,-0.40115437,-1.7562469,-0.3019391,0.5096128,-0.83187926,0.5192625,1.2396926,-1.0851891,-0.76959336,1.0691444,0.18927357,0.70578337,-0.5769467
741,1.1318355,1.3565565,1.0,0.0,1.2193111,0.28466853,0.7032145,0.0,0.0,-1.0504582,1.3650122,1.3340645,-0.280102,-1.7000316,-0.42638722,-1.4665223,0.74065316,0.32228503,-1.6163981,-0.15308397,0.97838676,-0.35567263,1.2023729,0.89697576,1.5605038,-0.61793226,-0.07163515
742,-0.5884058,0.22597183,1.0,1.0,-0.35065567,-1.6577661,1.3767664,0.0,1.0,0.3880493,1.1822003,1.2421615,0.73080415,0.50429076,1.5414582,0.98536265,1.6618389,1.3248149,-1.4363464,-0.28044733,0.5174333,-1.3032508,1.3314465,0.40650022,1.0012513,-1.0520674,0.11325062
743,-0.12217861,0.38342643,0.0,0.0,0.285143,0.23484328,-1.3716651,1.0,1.0,-1.3887708,-1.0185341,-1.1510009,1.584419,-0.6032221,-0.03729299,-1.4984809,0.13660678,1.441093,-0.51025754,1.6828926,-0.9650123,0.65334916,-1.4763747,1.1590672,1.4138879,0.18744281,-1.3409098
744,-0.17117192,-0.16699234,0.0,0.0,-1.7094381,-1.4916224,0.7840088,0.0,1.0,-0.75361246,0.6506413,-0.8852671,0.8468039,-1.3382535,-1.2136784,0.5721729,-0.35531136,0.5625015,-0.836794,-1.03503,0.47901842,1.3370459,0.6018969,-1.6616471,0.261837,0.02402148,-1.5233245
745,0.56245863,1.2303619,0.0,0.0,-1.0965413,-0.6293442,-1.4021181,1.0,1.0,0.5491484,-0.19538459,-1.0752046,-0.10580868,-0.5563126,0.26293325,0.106562875,-0.08354129,-1.3509375,-0.99328095,-0.54837364,-1.0799191,0.5534637,0.592903,-0.62572235,0.60164887,-0.23988144,-0.41604623
746,-0.79815257,-0.6314426,0.0,1.0,0.7313771,1.64188,-0.034486577,0.0,1.0,-0.48144135,-1.3480984,-0.36990348,1.0789046,0.06579356,0.46213168,-1.3288625,0.08845806,1.4939134,1.7024264,1.4226371,-0.6200274,1.1857462,0.3142026,1.3679577,-1.5067277,-0.84113556,0.83467627
747,-0.202351,-0.036486458,1.0,0.0,0.42243594,-1.0876904,-0.15284309,0.0,0.0,-1.329228,-1.5244869,1.5562438,-1.1954936,1.1077249,1.6694757,0.8259203,1.4593441,-1.5390154,-0.59208715,-0.09081457,1.1603297,1.0080156,-1.4592952,1.2301553,-1.5510426,0.17202145,-0.22475205
748,-0.9888382,-1.0324191,0.0,0.0,-0.8829946,0.5261216,-1.7334381,1.0,0.0,0.77538,1.004403,0.8405227,1.4669092,-1.4592388,-1.4712553,0.52767134,0.4880119,0.011204259,0.10754366,1.4049851,0.00809296,0.24749711,-1.7256435,1.0050864,-1.5522633,1.3323386,-1.0816597
749,0.29318973,-0.07745616,1.0,0.0,1.6637061,-0.82522327,-0.79628634,0.0,0.0,0.7835823,-1.1873255,0.10212081,1.6516999,-1.7624472,0.32228547,1.6088432,-0.2630257,-1.0214769,0.5420039,-1.2395,0.4693222,1.7047704,0.045925345,-1.524173,1.2689303,0.5710056,1.048761
750,-1.0560428,-1.1236104,0.0,1.0,-0.50964236,-1.2099817,-0.32464987,1.0,0.0,1.5732358,-0.18659312,0.41385195,-0.12744273,-0.14259028,0.5909667,1.1537423,1.5098372,-0.6372775,-1.1529667,1.2008219,-0.14270827,0.4220921,0.68210006,0.7274303,0.8817949,0.28666148,-0.3445731
751,0.95105845,0.55062515,0.0,1.0,0.6898146,-0.6007137,0.6742249,0.0,0.0,1.607544,0.87267566,-0.44499177,-0.19905859,-1.1231033,1.0364956,0.20736438,0.33172742,1.5408754,-1.4698901,1.2053977,-1.1821773,-0.48060748,1.3811373,0.44266263,-0.8638562,0.55963737,-0.87780017
752,-1.5283183,-2.4129312,0.0,0.0,-1.1551284,0.89957243,-1.6680449,0.0,1.0,-0.34261334,-1.565578,0.87332934,-1.4709077,-1.637357,1.354425,-1.1506885,0.76717305,1.0416508,-0.36811426,-1.1789714,1.1842502,0.91718954,0.5391438,0.78141636,0.8708682,1.4448415,0.7251121
753,-0.5388759,-0.8747522,1.0,1.0,-0.039866228,1.4087365,0.08888149,1.0,0.0,-0.7268663,-1.6146085,0.04033835,-1.3089126,-1.2952675,0.9070575,0.14704432,-0.45536283,1.046212,1.3319191,-0.3089042,-1.6010714,1.0096881,0.20872809,-1.4505346,-0.9801387,-1.455967,-0.2760144
754,-0.81578726,-0.2013363,1.0,0.0,0.036980662,1.2920214,-0.45751238,0.0,1.0,-0.56218123,-1.1271853,-1.4767718,-0.80518067,0.06876888,0.09165616,1.2343249,-0.66843116,1.077948,1.4385439,-1.6003662,1.1974202,1.3347802,0.6659019,-1.0905533,-0.54131,-1.4745666,-0.048439723
755,-0.854416,-0.94789046,0.0,1.0,1.2116628,1.3336353,0.07450773,0.0,1.0,-0.9566468,1.4528526,0.84065956,1.5134743,1.1229701,1.4311992,0.5282636,-1.289535,1.7702129,0.15740512,0.49409544,-0.517346,-0.062417027,-0.07339433,-1.6755335,1.2047104,1.3828714,0.8258205
756,0.19253287,-0.40653306,0.0,1.0,-0.20185715,0.28018212,-0.5884572,1.0,1.0,-0.1163625,-1.1860254,-1.6471696,-1.5138049,1.3308313,0.5548816,-0.58578646,0.95771235,-1.1248866,0.605758,1.2654175,-1.6358875,0.1397284,1.2561945,-0.19514252,-1.4082493,-1.3661784,1.4521165
757,0.7559363,0.8444264,1.0,0.0,0.95297706,0.520631,0.18022959,1.0,1.0,-0.6323818,0.37503344,-0.4712453,0.95328605,1.2228729,0.23915699,-0.49768516,-1.4098082,-0.18481898,1.3478479,-1.374175,0.46321005,-1.7432073,0.27871364,-0.7883509,-0.13688265,0.99754965,0.6029002
758,-1.5970833,-0.5256715,1.0,1.0,0.9496645,-1.2512087,1.728077,1.0,0.0,1.2104234,1.6297302,0.5878276,0.5663429,0.9983044,-0.6051781,-0.26964337,-1.7063308,1.0845953,-0.23940817,0.64511764,-0.23603384,0.395938,-0.5662147,-0.24047726,0.59957886,1.7190204,-0.5277196
759,-0.19244723,-0.21435183,0.0,1.0,-1.3504169,0.4538609,0.20613897,1.0,0.0,-1.223297,0.25152147,-0.44098875,-1.599413,-0.7038405,1.2847209,-0.7819324,0.61989385,-0.17732286,-1.0056701,1.0718362,1.5616249,1.5289,-0.14062266,-0.98810804,-0.883251,-0.42168123,-0.47907954
760,0.19878832,1.3119427,1.0,1.0,1.2199965,-1.6880558,-1.1818651,0.0,1.0,0.26626015,-0.4302205,-0.72522324,-0.7476025,-1.1831672,-0.68883085,0.69754094,1.1535673,-1.4734256,0.30150372,-1.4498438,0.8827072,1.2703406,-0.33633608,-1.4842091,0.692482,1.0973601,-1.0922561
761,1.190791,1.4648206,0.0,1.0,0.73955286,-1.3505502,-0.8926084,1.0,1.0,-0.88622737,1.3062208,1.1636844,-0.9273845,1.6784278,1.3720071,-0.4987538,0.7263113,0.4058235,-0.99607015,0.27614814,0.3403035,-1.2762531,-0.55070513,-1.2729809,1.0647538,-0.53152114,-1.5837017
762,-1.1266962,-1.9992197,0.0,0.0,-1.3730848,0.6332832,-1.1083379,0.0,1.0,0.82968885,1.2773192,1.3713413,-0.25428355,-0.90456057,0.7944863,-1.7153116,0.1520483,-0.8802748,1.3877107,-1.1901327,0.6512132,1.1958907,1.214405,1.6043302,0.9737336,0.027787048,1.6083274
763,1.9692138,2.1474836,0.0,0.0,1.1475295,-0.31614894,0.3348001,0.0,0.0,-0.6295606,1.6200091,1.0223528,-0.4342824,0.38448915,-0.53020924,0.5146935,0.5107752,-0.9862298,-0.8667504,-0.444014,0.12667625,-0.32604843,1.5012788,-0.45341247,-0.48676884,-0.9271459,-0.38896507
764,0.2785915,1.2489351,0.0,1.0,-0.28528327,-0.8723271,0.29623723,0.0,0.0,-0.14773402,-0.017458322,-1.0297525,-1.1802193,0.063259855,0.1302918,1.3658997,1.2271127,-1.5037065,0.2768531,-1.1955695,-0.37834406,-0.31634527,-1.1642505,-1.3175846,-1.4624978,-0.40159664,1.6826354
765,0.54129493,0.7992526,0.0,1.0,-1.4324958,1.6944319,0.3315593,0.0,0.0,0.09663181,1.6306068,-0.48856556,-1.2118931,-1.7678031,-1.3660115,0.14617276,1.0146289,0.45215508,0.114806786,0.99837786,1.3147603,0.8930516,-0.5145077,1.339097,1.007526,0.5761521,0.58305013
766,-0.017634436,-0.49955732,1.0,0.0,-0.26154348,-0.9581765,1.1040547,0.0,0.0,-1.3033636,1.6102724,-1.5400028,-1.4420466,0.04763753,-0.8709001,-1.7027127,1.6647302,-0.78564155,-0.045931283,-0.38802463,1.1374446,0.98989546,-1.0270875,1.4374281,-1.6851162,-1.1791192,-1.271378
767,0.48216224,0.6948701,0.0,1.0,0.640881,-0.5459821,-0.7211437,1.0,1.0,0.59470004,0.04973407,-1.5215132,0.29228896,-0.66412354,-1.1630228,-1.0975989,-0.31390113,-0.5293175,1.3791009,0.7865641,0.9216161,-0.4196561,-1.0409026,-0.86996305,-0.70764357,1.5459195,-0.6030143
768,-0.032776464,0.5893143,1.0,0.0,1.6657345,-0.9515169,0.054625105,1.0,0.0,-0.58829147,-0.42429897,0.5730416,0.5550972,0.12773775,-0.14786573,1.0327811,0.3322154,1.3232199,-0.6119434,0.32351995,-1.4624432,1.4837855,-0.689637,0.43769053,-1.1933676,1.7018402,-0.9911423
769,-0.55006105,-1.1946242,0.0,1.0,-1.6458244,1.6685035,-1.6849456,0.0,0.0,0.5017159,-1.1332852,1.3775862,-0.2421058,-1.0307952,0.059949934,-0.5592757,1.3587482,-1.3569908,0.7078234,1.0182636,0.12429947,-1.4284945,1.588678,-0.4843723,0.6841058,-1.7146639,-1.054786
770,1.3232061,1.4244386,1.0,0.0,-0.19896664,-0.27267298,0.40972242,1.0,0.0,-1.0844545,-1.5145963,-0.51428115,-1.7286576,-1.2987918,0.44607127,0.12335419,-0.7395964,0.72523963,1.2888564,-0.7461403,-0.6399285,0.13722734,1.2059326,0.30249318,1.1902664,1.3273878,1.5990108
771,1.004415,1.1942003,0.0,1.0,0.8198347,-0.23260607,0.945906,1.0,1.0,0.6780424,-1.4301682,-0.2112226,-0.041050453,0.49709424,1.1780767,0.7710968,-1.5354595,-1.5626262,0.40739888,-1.1826282,-0.20946853,0.5178876,-0.16227923,0.61472803,-1.6924468,-0.8605363,1.1237622
772,1.5884376,2.1060922,1.0,1.0,0.63150334,0.27020058,0.25650597,0.0,1.0,0.26937214,-0.4087743,0.8974495,-0.2661541,-0.20548701,-1.4481705,1.4766393,1.6105406,-0.3210301,-0.21962474,-1.4424795,1.105683,-0.21983536,-0.06553798,1.4061909,-1.2598286,-0.27725056,1.0688212
773,-0.14354725,-0.270541,0.0,0.0,0.9911587,-1.3468206,-0.1408367,0.0,0.0,-0.95537233,1.2039149,-1.681814,-1.046422,0.90285623,1.0530628,0.9563214,-1.0786723,-0.6237297,0.21950936,-1.2165406,-0.6700127,-1.1308852,1.0719209,1.1416644,0.30714422,1.3087227,-0.72737205
774,0.032250058,-0.30724254,0.0,0.0,0.41062233,-0.12600659,1.5754036,1.0,0.0,-1.3009104,-0.61619925,1.003884,-0.123604015,1.5844547,-0.62421745,0.40096053,1.2894126,-0.6523273,-1.4612122,0.9812718,1.4911314,-1.072394,-1.2913034,-1.1493478,0.93958133,-1.5655733,-1.2475846
775,-0.954852,-0.633157,1.0,0.0,-0.98104596,-1.7053808,0.5152111,0.0,0.0,1.0731432,0.4190234,0.36025405,-1.6835246,1.1408294,1.3545899,0.79563665,-0.6273948,1.2060381,-0.31201726,0.14077005,0.76922363,0.6858484,-0.3313974,0.35250026,-0.24751306,1.3726355,0.82890594
776,0.9543627,1.1431487,1.0,1.0,0.9445168,0.43514556,0.3963275,1.0,0.0,-0.2924241,1.6330844,-1.1962314,1.2941858,0.30192196,0.56304973,1.3143258,0.56098765,-0.964671,-0.25582436,-0.23844926,-0.6116926,-0.066458926,-1.0131004,0.47166625,-1.4098246,-0.783153,-1.1402467
777,0.30446085,0.32328963,1.0,1.0,0.7995678,-0.48918414,0.9539539,0.0,0.0,1.2725459,-1.3366042,-0.5111363,-1.1127945,-0.67631394,0.42770222,-1.3096516,0.44616285,-0.05916667,-0.69346243,-1.1098169,-0.1750799,-1.01937,-1.7052376,-0.9990906,1.0152205,-0.31107756,-1.1576813
778,0.57616764,0.40682602,0.0,1.0,-0.036570676,0.1016632,-0.69742215,1.0,1.0,-0.57187617,-0.20389067,1.4724358,-0.124310985,-1.3274347,0.15259767,0.34739763,0.38363424,-0.76446414,-1.640971,-1.3192285,0.24459009,0.0115128495,-0.09589297,0.07031866,-0.8902917,0.8470041,-1.1112186
779,1.2485113,1.66005,1.0,1.0,1.5312626,0.0543432,0.22030228,0.0,0.0,0.83585376,-1.5653721,0.5600444,1.3581381,-0.44677535,0.93131423,-0.8404997,-1.737729,-1.3992212,1.7523764,0.6174211,0.84032166,-1.7432879,0.38102618,-0.4800874,1.381537,-1.0059115,0.49598458
780,-1.1194019,-1.2998552,1.0,0.0,1.0071551,1.537973,-0.12543772,1.0,1.0,-0.98032206,-0.084325254,0.6037374,-0.37171212,0.66061723,0.07149678,0.693722,-0.6055434,-0.64780223,-1.5655726,0.29013142,1.649989,-0.07770853,0.344477,-0.019852044,-0.7600577,1.4739697,0.64130855
781,-0.44441265,0.56868345,0.0,1.0,-0.16448696,0.98463714,0.5346635,0.0,0.0,-0.99957657,0.7947322,-0.723724,-1.4852902,0.23184408,-0.33059487,-0.46915293,0.3849495,-0.38791043,-1.1670188,0.71568745,0.61847883,1.2598977,-0.99036497,0.53821564,-1.4659451,-0.4407565,0.636079
782,-0.99221927,-1.1062183,0.0,1.0,-0.49284002,-1.4121361,0.5114375,1.0,1.0,-0.25154543,-1.5944747,-1.4694817,-0.32930952,0.29812402,1.2046818,-1.1749569,-0.67801875,0.6275255,0.9173335,-0.62476945,1.1143749,1.3316277,0.15044123,0.22302206,0.7586377,1.5234729,-0.15440217
783,-0.5774062,0.027014825,1.0,0.0,-1.3006883,-1.3179754,1.6743826,0.0,0.0,-0.98629564,1.3265572,-1.309148,-0.20616406,1.4641539,-0.21111524,0.93667185,0.7343604,0.55888844,-1.1596042,0.81464654,0.8680473,1.2276402,0.40261763,0.6787377,0.4270936,-1.7392288,-1.1139597
784,0.18315922,0.69484174,0.0,1.0,-0.2954283,-0.9459282,-0.95331943,0.0,0.0,-0.09248517,-1.1297157,0.56955963,0.053519454,0.5792691,-0.10807886,0.8774666,1.0506517,1.7697234,1.4667803,-1.6067822,1.6905645,-1.4594027,-1.0131819,0.13210209,1.133669,0.2173576,-1.0940825
785,1.3086214,1.5414566,0.0,0.0,1.1906116,0.5752219,0.9296208,0.0,1.0,-0.06398059,1.6406188,0.8457083,-1.3770225,0.599005,-1.2339404,-0.98934656,1.4220325,0.85488695,-0.1230422,-1.2413598,0.77750534,-7.798343e-05,0.8110842,-1.05161,1.3937382,-0.6982852,-0.8502525
786,-0.3470006,-0.37005612,1.0,1.0,0.454727,1.646481,-1.2390051,0.0,1.0,1.6058358,0.8103063,-1.0010982,-0.8719285,-1.1991433,-1.6216401,-0.99267167,0.13498555,-1.1323463,-0.3074855,-1.6970178,-1.6629922,-0.37323114,0.34779516,-0.23454429,0.18453047,-0.023955105,-1.4724574
787,-0.4705404,0.058239833,1.0,1.0,-0.37985766,-0.93471617,-0.67720294,0.0,1.0,0.06431797,0.039863277,-0.7199134,-1.0839705,-1.5698346,0.16194916,-0.5514224,1.2993915,0.039228827,0.7990713,0.39349017,0.49183187,-1.1357855,1.0375208,1.5319755,-0.7079958,1.4563631,0.44960493
788,-1.0405014,-0.9515404,0.0,1.0,-0.5586702,-1.1763268,0.54275316,0.0,1.0,-0.28521296,-0.99467325,-0.5881683,-0.79322445,-0.668899,1.1125997,0.5440538,-0.120358594,1.7861146,-1.61527,1.6807712,-0.6597984,0.10914272,0.979999,0.8115908,-0.61525446,-0.3117398,1.2618536
789,-0.4256326,-0.7803063,1.0,0.0,-0.5319726,-1.6124774,0.8545334,1.0,0.0,-0.094608895,-1.5687265,0.5177257,0.44268712,0.81900406,0.27347404,0.18570969,-1.4490033,-1.3430406,-0.8434421,0.052305177,-1.0967412,-0.04287441,-1.1896006,0.09282093,-0.90627426,-0.14224069,1.1407483
790,-1.4497608,-1.36878,0.0,0.0,-1.136367,0.13842443,1.1767638,1.0,0.0,0.7072837,-0.51782376,1.7002977,1.072746,1.5410748,1.4831276,-1.5254292,-1.1276981,1.5989507,-0.37604105,0.43083662,-1.4220846,0.751167,-0.7110162,1.2342999,-0.11877942,-0.9178981,-1.1449078
791,-0.44507244,-0.22435156,0.0,0.0,0.2110134,-1.0849342,0.5398556,1.0,1.0,-0.3648919,0.09366888,-0.37215352,0.8953574,-0.47129995,-0.10741531,0.019089473,0.023496915,-1.055439,0.98018426,-0.3120048,0.79473984,0.01549634,1.2577258,1.577898,-1.2805785,-0.40402657,-0.77307916
792,0.3903504,-0.34012777,0.0,1.0,1.283459,1.38188,-1.2635286,0.0,0.0,-0.39507955,-0.23217152,-0.30654758,-0.158998,1.299782,0.06134892,0.5712065,-0.30407205,0.5403652,-1.7275043,-0.5869716,-0.8846758,-1.5297512,-1.6540443,0.04291277,-0.7027746,1.5778397,1.3724182
793,-1.3707744,-0.84754515,1.0,1.0,-1.5467793,-1.3295468,0.047260232,0.0,0.0,-1.3239257,1.5354599,0.15933892,0.331556,0.18659757,-1.6033446,0.95347756,1.5424019,-1.0598211,-0.6308989,0.14438252,-1.2763106,0.60508925,1.0372788,-0.84836525,1.200435,-0.98328006,1.5659225
794,-0.7632572,-1.5626055,1.0,0.0,-1.0831012,-0.29100358,-0.15572143,1.0,0.0,1.2427082,0.39488843,-0.27295244,-1.2003237,-1.6809593,0.2834045,0.42628548,-1.5580655,-0.008245115,1.2544829,0.24507798,1.314098,0.73663485,1.3501581,1.2709154,-0.4666141,1.5540663,1.1744047
795,0.49204475,0.6238523,0.0,0.0,-1.6437942,0.80153567,-0.63501924,1.0,0.0,-1.1982591,0.13675383,1.4711472,1.2081743,-0.8919459,-0.3652912,0.775186,-0.86970705,0.9452539,-1.6131383,-0.68985677,0.661441,-0.048595622,-1.0215662,-1.0341862,-1.4231515,0.37998718,-1.5203639
796,1.615319,1.6001872,0.0,0.0,0.75678533,0.784983,1.1567354,1.0,0.0,-1.4061633,0.61117464,-1.1805269,-1.5594662,-1.5689834,-0.23073469,1.2779642,-0.31013146,-1.7474537,1.2831358,-0.28952995,-0.43167156,-0.84380037,-1.1986587,0.030425893,0.9155984,-0.11666868,0.12748243
797,-0.081345916,-0.8172381,0.0,0.0,-1.4586757,1.091458,1.704721,1.0,0.0,-1.5925653,-0.9597137,1.220649,-0.22915329,0.5358111,0.82602173,-1.1779363,0.98995644,-0.7369074,-0.03258687,-0.89847744,1.4258807,-0.034145582,0.12412923,0.12027765,-1.3006383,0.4238011,-0.94970083
798,0.33278918,0.24956794,0.0,1.0,-0.19858345,-0.64859354,0.6809435,1.0,0.0,-1.5460565,0.4368599,-1.1476214,1.6076744,-0.55954707,0.9315878,1.1763096,0.5792333,-1.1493037,-1.47573,0.8809571,0.7770138,-0.24824785,-1.5518516,-0.11013467,-0.3775437,-0.26629916,-0.20063072
799,0.49363706,0.050370682,1.0,1.0,-1.6320472,0.9934781,-0.71634,1.0,1.0,-0.19123478,-0.43707192,-1.6098831,1.3847528,0.7515837,-1.3438976,-1.3442187,-1.1325172,0.40394315,1.710978,-0.67083085,-1.5164596,1.4783616,1.3394779,-1.502554,0.8646177,1.4614936,-0.41535726
800,1.0265037,1.2089264,0.0,0.0,1.0217118,-0.49844992,-0.6349352,0.0,0.0,1.7172772,-0.8716204,1.6787384,-0.52979815,0.7370333,0.62867963,1.474548,1.2752713,-0.3583716,0.7847641,1.6752946,0.67634183,0.015088789,-0.18816297,1.333954,1.4018464,1.1688364,-1.487393
801,0.38390756,0.11225188,0.0,0.0,-0.7804103,-0.8900471,-0.82079256,0.0,1.0,-0.5682216,-0.75843,0.93836576,-1.3066753,0.5961927,-0.898057,0.40513378,-0.4164852,-0.85062116,0.87970376,1.5203339,-0.6246434,1.0917268,-0.37990046,0.46676728,-0.49911833,0.46239147,-1.065211
802,0.95040125,1.0657662,1.0,1.0,1.5061114,-0.22308505,0.89842963,1.0,1.0,-1.5377183,-0.5606142,0.36513737,-1.4122354,1.0086452,-0.76496845,0.9377712,-1.6855807,1.2472149,-1.4768221,1.6921148,-0.509753,-0.11624488,0.011628835,-0.6382556,0.79462475,-0.33402142,-0.00012810146
803,1.7406911,1.9148798,0.0,1.0,1.1109045,-0.019453218,0.16328259,1.0,1.0,1.451576,1.2038239,-0.0041986415,1.0534557,0.776236,-1.7286355,0.27252066,-0.3767202,0.527076,0.16180705,-1.419151,1.077798,0.49831426,-1.10227,0.8040422,0.9950493,-0.26796043,1.6237158
804,-0.40017033,0.10414561,0.0,1.0,-0.5328604,0.6502967,-0.119740725,0.0,0.0,0.78861135,-0.48087016,-0.21101941,1.4389671,0.9835499,-1.5375965,-1.453573,-1.0368047,-1.6341144,1.5149982,0.14323516,1.4014252,0.56819993,-1.5262746,0.45893574,-0.97766244,0.06324234,1.2419465
805,1.030753,0.6594021,1.0,0.0,-1.3408666,1.054857,0.21678905,1.0,0.0,1.4377898,-0.48333046,-1.0036718,1.4543868,-1.7139492,0.30394542,1.1373267,1.0315816,1.0580516,0.8023698,1.7046435,0.44425932,1.2283758,0.64439094,1.3416762,-0.17106545,0.30534133,-1.507572
806,0.98198146,1.7468982,1.0,0.0,-1.1661651,1.2768213,0.6657689,0.0,0.0,-0.9590122,-1.1097361,-0.45303673,1.0548879,-1.5375097,1.4929305,0.93093646,0.41502705,1.6938114,1.2600489,-0.50167793,-0.10840785,0.71765727,1.583389,-1.6328822,-1.628703,0.9365169,-0.37054926
807,0.3658606,-0.5285083,1.0,1.0,-0.28088063,-0.46111238,0.12582278,1.0,1.0,-1.0771979,-1.208873,1.5945504,-0.71415025,0.7309013,-0.90504557,0.90516746,-0.9525412,-1.3124017,-1.2139937,0.67976385,-0.32926357,0.7553468,1.4825275,-0.34845567,-1.7081734,1.4730895,0.8646287
808,-1.5649576,-2.049526,0.0,1.0,-1.2000597,-0.6303509,-0.1963956,0.0,0.0,-0.45857713,-0.63859564,-0.3402325,-1.6849955,-0.5693366,-0.5020105,-1.6179863,-0.11937314,0.20678267,-0.45142812,-0.5965746,-0.20593368,-0.7018281,-0.045669693,0.92103165,-1.6687726,1.3111824,-0.47061923
809,1.6558257,1.4554756,1.0,1.0,1.290679,-0.17643394,0.2926139,0.0,0.0,0.068569556,-1.0850805,-0.35535452,-1.6891537,0.62916005,0.84056103,-0.16496654,-1.1460044,-0.6707113,-1.6346326,-1.0475333,-0.75703794,0.64347583,0.16267416,-0.28479555,0.3047723,-0.64074314,-1.6187918
810,-0.48308417,-1.2245494,0.0,0.0,0.36029238,1.4682931,-0.82835984,0.0,1.0,-1.6505184,0.42887858,1.3695792,0.34614462,0.5682669,-0.13563414,0.7157173,1.1013956,1.6824955,-0.55742025,0.9548659,0.41515052,-0.0556018,-0.115204036,-0.33020917,1.267559,-0.4500668,0.018453505
811,-0.480236,-1.2626652,0.0,0.0,-0.1919222,0.88274497,-0.7633504,0.0,1.0,-1.14963,-0.08761127,-1.1921932,-1.6318936,1.6176084,-0.009016575,-0.36857778,0.5124114,1.7798034,0.068051636,0.4913532,0.40458566,0.15353394,0.38588467,-0.65227014,-0.9768385,1.3440535,0.008253026
812,-0.5543058,-0.41791064,1.0,0.0,-0.5449419,1.5967007,-1.0054762,0.0,0.0,1.2596406,-0.81947863,-1.6672622,0.6433928,-1.1406138,1.0100098,-1.6896602,-0.63949656,0.5539484,1.3449925,-1.0673693,1.0010811,1.1193931,-1.4335331,1.1458949,0.8217902,-1.2337577,-1.2034918
813,-0.010025727,-0.79035133,0.0,1.0,-0.9720466,1.5867553,1.2674334,0.0,0.0,-1.4162421,1.3472245,0.89526296,-0.891327,-0.6961659,-1.5108372,-0.23762006,-1.3340741,0.16952603,-1.6255133,-1.262928,-0.7602369,-1.7637547,0.47132814,-0.14349723,0.91488194,1.0894716,1.1484107
814,-0.2946239,-0.6518422,1.0,1.0,-1.6487547,-0.18758327,1.0534569,1.0,1.0,0.8943699,0.023869436,0.5052682,1.4011582,-0.60204303,0.24588951,0.7458695,-0.24648856,-0.74959624,0.73254603,0.90978456,1.289358,0.74847966,-0.5103439,-1.1037927,-0.20294927,1.0450072,0.5250376
815,0.69995207,1.0504267,0.0,0.0,1.0105125,-0.30060738,-1.1583033,1.0,1.0,-0.34245133,0.86232704,-0.48651534,-1.3357224,-0.47603908,-0.60283613,-0.09243141,0.3179537,0.60044944,-1.6722649,0.47161108,1.3679129,1.2549539,0.5557068,-0.87530094,0.8994092,-0.46018493,-0.2576143
816,1.5549213,2.0562043,0.0,1.0,0.05078883,-0.062216412,-0.23874423,1.0,1.0,1.4836957,0.0076894113,0.21978533,-1.672868,1.3340025,-0.81278175,0.64025205,-0.98476475,-0.94444776,0.07748928,-0.91423196,-0.11055973,-0.28804785,1.0414958,1.2405986,0.3903792,-0.7760766,-0.58248097
817,-0.3763083,-0.54524636,1.0,0.0,-0.72224706,-0.18247777,-0.25118485,1.0,1.0,1.6802616,0.10343611,1.165891,0.03387949,-0.90478015,-1.5949734,-0.34532002,0.51342076,-1.4894887,-0.4524072,1.6997055,-1.4147836,-0.6609868,1.5459332,-0.3255867,-1.4776834,-1.2483064,0.28787482
818,1.3583627,1.6703348,1.0,1.0,1.0511106,-0.51057804,0.10916289,0.0,0.0,0.81893736,-0.57420737,1.6804179,-0.023221524,1.3117306,-1.5382595,0.15629457,-1.4706699,0.99180853,-1.2382969,-0.91011417,-0.27160367,-0.4931213,0.8283046,0.044188518,-0.84353656,-0.46047863,1.625175
819,1.0945895,1.4339991,0.0,0.0,-1.4176998,0.86572605,0.338379,1.0,1.0,1.170814,1.0467112,-0.92912203,-0.010098669,-0.6987348,0.8636897,-0.8313821,0.9937118,1.2920829,-0.49091616,0.8879882,0.38459665,1.5473505,-0.16928603,0.47773382,-1.3812215,-1.0656892,-0.14440079
820,-1.3865955,-1.1523508,1.0,1.0,-0.5539487,-0.35656893,1.669097,1.0,1.0,-0.8328568,1.2955023,0.084559895,1.1998378,-1.514211,-0.8914453,-0.716558,-0.65496427,0.15274645,0.48289296,0.01631956,-0.40756154,-0.91992825,-0.7025309,0.49994123,-0.73452294,1.3387386,-0.921565
821,-0.8757068,-1.0043048,0.0,0.0,-0.36156,-1.1055154,1.6645676,1.0,1.0,-1.6218015,0.93718314,0.8780269,0.52549136,0.14606151,0.14317189,0.599696,-0.43329176,0.109175764,-0.86138964,-0.56985134,1.3656987,-1.6129045,-1.2800913,0.56288344,-0.044174414,0.167631,1.743217
822,-0.47435075,-0.9061469,0.0,1.0,-1.0275588,-1.4121975,1.3693109,0.0,0.0,-1.526334,-0.9666262,-1.5138575,0.060600236,-1.3925155,1.493654,-1.4792596,0.24196129,1.0011092,-0.7948306,1.0159159,-0.80244213,0.21625537,-0.55327475,-0.98906636,0.25836506,-1.3297278,1.5320464
823,0.16699687,-0.46878326,1.0,0.0,1.2253151,1.4707012,1.3554958,0.0,0.0,-1.4658169,-0.5909202,-0.1468159,0.5650477,1.5122855,-0.46139336,-0.3469669,1.1830969,0.29700035,1.7379491,-0.91298604,-0.27140582,1.2421861,-1.2546958,-1.0232584,1.1203462,0.5982752,-0.15019184
824,-0.86118966,-0.24719417,1.0,1.0,0.94035673,1.4640555,1.3958455,0.0,1.0,-0.6456775,0.69454414,-0.1640538,1.2889758,0.4436295,-0.61539304,-0.63896924,1.2469053,1.4138682,-0.6425436,0.43770033,1.5468783,-1.0757558,-0.550792,0.58946073,1.496566,-1.2460083,0.62167776
825,-0.81142557,-0.5903761,0.0,0.0,-1.2737186,1.5473365,-0.8449805,1.0,1.0,0.6080995,0.47438854,-0.8950825,1.1488329,-1.3089993,0.96251947,0.1681933,1.757369,1.5765761,-1.6520303,0.17884804,-1.385608,-1.2153847,-1.7118562,0.2674824,0.9827017,0.8860009,-0.84349144
826,1.926002,1.8569618,1.0,0.0,1.4263316,1.2791549,-1.0847981,1.0,0.0,-1.0310906,-0.844745,0.21943644,0.7201103,0.5310938,0.8024034,-0.26272213,-1.432322,-1.6505038,-1.7229105,0.7345173,0.0033669902,-0.16727403,-0.7993661,0.15115441,0.70196253,-1.0834705,1.2721539
827,0.55868477,0.51807904,0.0,0.0,1.5341179,0.6343255,-1.2799687,1.0,0.0,0.8986499,-0.30430618,-1.4067694,-1.7140124,0.90654284,0.46284956,0.9377135,-0.2873137,-1.1126626,-0.4187226,-0.43202686,-0.57290226,-1.7368659,-1.4775676,-0.9300391,-0.12487494,-1.742307,-1.3202722
828,-1.5656265,-1.2292298,1.0,1.0,1.5307298,-1.4387153,1.493184,1.0,1.0,0.6173331,-1.4592596,-0.8515816,0.62951237,0.5161591,0.9236081,-0.00081198406,0.25818312,-0.34246904,1.3905808,0.1669461,-0.2759884,-0.34216502,-1.4828929,0.55637044,1.1670165,1.3910563,0.11665979
829,-0.689278,-0.2927982,1.0,1.0,1.0245665,-0.09265456,-1.6142223,0.0,0.0,-0.9195785,-1.5506107,1.5529068,-0.90430844,1.3259158,1.5725824,1.0772799,0.27753317,-1.3390017,0.18692729,0.23492403,-0.9696337,-0.9427297,0.5959151,1.6841385,0.65837556,-1.6992542,-1.2288833
830,0.3368116,0.30062833,0.0,0.0,-1.6941494,0.8406772,1.2073989,1.0,1.0,-1.3464713,-0.77364403,-1.5873086,0.7881162,1.0488976,0.3832003,1.3780564,-0.016503425,-0.177646,-0.9046009,-1.1076291,0.11499944,0.0998084,1.0919648,1.290856,0.63762075,-1.4711832,0.6892144
831,0.46497196,-0.018772209,1.0,1.0,0.31048003,0.6523924,1.2314256,0.0,0.0,-1.3186282,-1.3993282,-1.4048887,0.47386613,-0.78833884,0.64504194,-1.144696,-1.3120975,1.3352379,0.18103425,0.60299367,-0.13165012,-0.14445779,1.2902825,0.8932081,0.6200913,0.5383307,0.10550593
832,2.055651,2.3925831,0.0,1.0,-1.411731,-1.6779839,-1.668626,0.0,0.0,1.467417,0.51625633,1.4939098,-1.3779042,-0.867816,-0.90132326,-1.0658875,1.1388929,0.30037346,0.4844402,-1.2209269,-1.4623454,-1.238502,0.15110476,0.54520804,1.1860594,-1.1458834,1.0028317
833,0.48172805,0.29297677,1.0,1.0,-0.8827618,-1.605002,-1.6325537,1.0,1.0,0.49998868,0.68869257,0.15132567,1.7067499,0.5504533,-0.57828844,-1.5423869,0.6730665,1.2764249,-0.6535158,-0.8912681,-1.1809963,0.570976,0.25512162,-1.6303426,-1.0247664,1.2919275,0.9765274
834,-0.42648858,-1.0934162,0.0,1.0,-1.2968264,0.5362795,0.56252265,1.0,0.0,-1.0314504,-1.1325053,-0.7431734,1.6372377,-1.1599643,-1.7284237,-0.55782676,1.6230617,-1.3324764,-0.8431133,-0.0034761974,-1.6071483,-0.48306215,-0.9209069,1.1199405,1.0797062,-0.42949173,-0.15668002
835,0.34627625,0.93141323,0.0,0.0,-1.00891,1.1104668,0.94785064,1.0,0.0,-0.292706,1.0429449,-0.9624575,-1.705259,1.4069349,-1.6728412,0.6736008,-0.92131454,-0.42207843,0.053329922,1.1829948,0.29095542,0.76560634,-0.16255616,-0.84883505,0.30294025,-1.0566535,0.26669425
836,-0.8285393,-0.014695361,1.0,0.0,1.2779571,-1.2426034,0.7301991,0.0,1.0,0.49959987,-0.7082155,0.8031062,-0.3480811,0.56599754,-0.9527046,0.92397743,1.4168198,-1.1368103,0.93647105,-1.0973392,1.6440704,0.5369573,-1.002292,-1.5497937,0.9949892,1.1626682,0.99450815
837,0.5764337,0.7205958,1.0,1.0,0.05993757,0.1461557,1.2453089,1.0,1.0,-0.89176184,0.81682056,0.616426,-0.84839326,0.91663533,-0.13287015,-0.026849708,-0.4112568,-0.44494942,-0.055401083,-1.1192267,-0.27488628,-0.028852502,-0.057410378,-0.7259763,-0.22750022,1.0303154,-0.5847656
838,-0.7459925,-0.7708196,1.0,1.0,1.2123064,1.3056402,1.0596813,0.0,1.0,-0.54985535,1.1279162,1.1632845,1.6948348,-1.4499164,-1.0833546,1.0723696,0.26359576,1.1822141,1.1386821,0.5502868,0.9859428,-0.67040926,0.6374553,1.4231308,0.33904812,-1.063559,0.12571628
839,-0.24975683,-0.30995977,1.0,0.0,-0.7141561,-0.11951557,-1.6636136,1.0,0.0,0.9873547,-1.506332,-0.87206876,-0.4910743,-0.7426811,1.5129485,-1.3308371,-0.012419938,1.3969308,-1.6168574,-1.410279,-0.31729698,0.38233578,0.7164256,0.6126009,-1.2981752,1.3480308,0.15797004
840,-1.067946,-1.2261515,1.0,0.0,-0.8795622,-0.80042106,0.31362817,0.0,0.0,0.5968066,1.4805882,-0.4283459,-1.7193985,0.72663045,0.37407336,1.671975,1.4243143,0.63303137,-0.36640626,-0.46425804,-0.2855248,0.4578839,0.95396876,-1.1091605,-1.5952291,1.6653906,0.20212545
841,1.3861747,1.1729269,0.0,0.0,-0.6180357,-1.2069458,-1.1163933,1.0,0.0,1.7179053,0.876306,0.5633579,-0.16539042,0.8541171,-0.24688649,1.1679093,0.71472037,-0.3539284,0.07695977,0.99924386,-0.47190547,0.72681063,0.5687316,0.21967576,0.29373488,0.2594948,-0.75304836
842,-0.9413534,-1.3198739,0.0,0.0,-0.69065493,-0.76043624,-0.05835785,0.0,1.0,0.2792763,-0.19573474,-0.4181255,-1.2819161,-1.0513495,-0.7894661,0.15690108,-1.0245463,1.5377755,0.54439557,-0.9925756,0.7985404,-0.7384632,-1.3301744,0.23071815,-0.09815726,0.28703782,-0.250531
843,-0.011347937,-0.39542985,1.0,0.0,1.3498119,0.5684302,-0.30223852,1.0,1.0,0.07546014,1.0569983,-0.55501735,-0.7043746,-0.8853433,-1.1429023,1.0004724,-1.222641,-0.527793,1.186981,-0.90193075,0.4989435,-0.85988307,1.0189325,1.4683125,-1.3799819,0.9716224,-0.6781577
844,0.68661803,0.42488107,1.0,1.0,-0.7145141,1.5450723,-1.2572765,0.0,0.0,0.19598629,-1.1424572,1.0726492,1.5640402,-1.2101185,1.5215274,-0.9052831,1.6253724,-0.6747653,0.5713452,1.2051941,-1.0263102,-1.5502837,1.5522261,0.52428997,0.53416824,0.88920283,0.5822414
845,-1.5153439,-1.5959429,0.0,0.0,-1.3520502,-0.3510821,0.9393325,0.0,1.0,-0.43061718,-0.105274685,-1.1065624,1.6635938,-1.7304661,1.3804235,1.0456576,-0.6629999,-1.560891,1.4105451,1.4133706,-0.9675047,-1.6494919,-0.47691074,-0.99610895,0.80316716,1.1210743,-0.053029776
846,1.3783908,1.4026341,1.0,1.0,-1.5017477,1.1786891,0.10737003,1.0,1.0,-1.2113216,-1.3494155,0.6058606,-0.78012156,-0.23423746,-0.3309461,1.5041051,-1.3661623,-0.72358847,-0.25498798,-1.1011765,0.47999093,-0.36505613,1.0627297,-0.09822101,0.38876414,0.5389655,0.92565787
847,0.9243189,1.1084455,0.0,0.0,-0.073693894,-1.0949217,-0.80736494,1.0,1.0,1.2810519,1.676619,0.5141969,1.4748079,0.58176893,-0.46508405,0.4387577,0.18624768,-1.3117974,1.5420365,-0.08750187,-1.5298989,-0.13856752,-1.0198052,0.9910676,1.3683337,0.16545798,1.1519519
848,0.10022872,-0.37785378,1.0,0.0,-0.079111956,0.18317139,-1.3818536,1.0,1.0,-0.44079036,-0.009712455,1.61568,-0.4546189,-1.405982,1.5200756,-1.225512,0.37901866,0.25659445,1.1333493,-1.0254048,1.2780858,-1.3708185,-1.4932642,-1.6637706,1.0792172,0.15586399,-0.725747
849,-1.0849127,-0.84261274,0.0,1.0,0.19601701,0.24812755,-1.698636,0.0,0.0,0.5349207,1.4737706,0.6391092,0.33554047,-0.18830971,-0.15851247,0.7140942,1.4922786,-0.835176,1.39207,0.6855322,-0.24033536,0.47850946,1.6182395,1.0032072,0.64666635,0.17386144,0.41059545
850,-0.092658535,-0.5436996,1.0,1.0,-0.72030336,0.029587232,0.27519006,1.0,1.0,-0.7870422,-1.4379382,-0.5030646,0.031374477,1.3909501,0.7169617,-1.2320023,-1.570757,0.13542093,-0.6579557,-0.6897842,0.36605972,1.5662689,0.70763344,1.1851032,0.9253341,-0.4026031,0.11468383
851,0.41109234,-0.057458173,1.0,1.0,-0.2644831,0.7353942,-0.36420038,1.0,0.0,1.4005824,1.5069304,-0.10859691,-0.6103064,0.5643932,-1.4623679,-0.15145108,-1.437011,-0.40381187,1.218798,1.3747044,-0.5075404,1.185737,-1.6094818,-1.1168896,-0.7814673,-1.2140647,-0.86287284
852,0.98579895,1.1583573,0.0,0.0,0.566424,-0.06428426,1.3339934,1.0,1.0,0.25842324,-1.2233584,-0.868787,-1.0993133,1.5019629,-0.96847296,-0.26409018,0.06922753,-0.23592524,1.5880135,-1.6052063,0.11948229,-1.449456,0.27444682,0.5454516,1.5140291,-1.1124674,-1.5944064
853,-1.6858011,-2.4830453,0.0,0.0,-0.62508285,0.34356305,1.5166273,0.0,0.0,-0.6578198,-1.4415357,0.0969171,0.7708982,-0.18454602,0.43613988,-0.8966092,-0.9800853,-1.3362459,0.6902655,1.172642,1.7653193,0.9993949,0.5229957,0.29301378,1.5454103,0.21025844,1.5896438
854,-1.3175861,-1.3971809,0.0,1.0,-1.4059263,-0.55359215,-0.18471052,0.0,1.0,-0.97483337,-1.3399358,-0.8843317,-1.1626207,-1.3852051,-0.86767566,1.4461483,-0.118027136,0.52551883,-0.46466213,-0.14288817,-0.02771629,0.24770471,-0.34728488,-1.1472087,-0.89515483,1.2940202,-1.0420731
855,-1.3136795,-2.2166786,1.0,1.0,-0.052486014,-0.5882213,-0.9851196,0.0,0.0,1.0875086,-0.88375163,0.632688,-0.66726315,1.6232522,0.06432993,0.52250355,-0.03867483,-1.6535122,-1.5061718,1.3078096,-1.6850615,-0.0214471,-0.368035,-0.3127995,0.9067702,0.79962534,-0.39822397
856,1.6124438,1.3579361,0.0,1.0,0.42757976,0.009646347,0.25993556,1.0,0.0,0.8149428,1.5651032,1.1102962,-1.3425235,1.0682455,1.5189633,1.1444107,-1.2683188,1.4892617,-1.2076483,0.5318457,1.7101899,-0.123858996,-0.2745171,1.3141081,-0.95244914,0.759737,0.69366276
857,0.067338645,0.32041994,1.0,0.0,-1.6106399,-0.6209472,-0.29397,1.0,0.0,0.68254733,-0.9719298,-0.6571734,-0.21429741,-0.7576896,-0.44297436,-0.5762949,0.74624044,-0.2991828,0.2894362,-1.0674832,1.3268557,1.2634132,0.20282523,0.67170537,-1.5958241,1.5684818,-0.61681074
858,0.16145328,0.49302414,0.0,1.0,0.05982109,0.3929205,1.2940105,1.0,1.0,0.56056684,-1.2132006,0.54860556,0.4635078,-0.6287228,-1.373248,-0.6452607,0.18578392,0.0920719,1.1034012,1.6841811,-0.7376383,-1.4514878,-0.4978941,1.6132586,-0.15967156,0.39285833,0.7229553
859,-1.0751829,-1.5894934,1.0,1.0,-1.4516658,-0.8297015,0.16493565,1.0,1.0,-0.65958923,-0.830755,0.4299054,-1.0793358,-1.2334138,-1.0572103,-1.3366482,0.9213719,-0.6850335,-0.5318037,-1.3406498,0.036898993,-0.39056233,0.3150829,1.57046,1.0658695,1.1108291,1.4522184
860,-0.005596881,-0.49638528,0.0,0.0,-0.1324072,0.88199383,1.2504615,0.0,0.0,-1.1166239,1.3867416,-0.9490655,-1.5833888,1.187732,0.60038805,-1.0661241,-1.4293909,1.6830307,-1.6693308,1.4427705,-1.3429385,-1.3582556,-0.4729005,-0.31859452,-1.0185386,0.15620789,-0.8038396
861,-0.37042663,0.29062057,0.0,0.0,-1.6401359,0.5850281,1.3852098,0.0,0.0,-1.2772164,-0.26630616,-0.28110206,-1.4523371,-1.4319354,-1.2859915,-0.9160278,-0.8213865,-1.1596913,-0.3814802,-1.3212174,0.69980234,1.4387319,0.24363305,0.4443878,0.5521842,-0.3986046,-0.15290584
862,0.9601883,1.1185292,1.0,1.0,1.1443889,0.2051663,-0.40366256,1.0,1.0,1.3825516,-1.4663413,-1.2656823,1.6456332,1.1376657,-0.39194182,-0.13121043,1.6509223,-1.0529561,0.46687463,0.0061676963,0.46866766,-0.1432213,0.35423732,1.3372691,-1.6473148,-1.3730515,-1.5541595
863,-0.24339394,0.35773435,0.0,1.0,-0.47535223,1.6770352,-1.3161443,1.0,1.0,0.65786767,1.3010714,1.147378,1.4679353,1.1559764,0.7475729,1.324905,-0.34572285,-0.71048445,0.76555866,-0.07718108,1.1817938,-0.80524963,-1.5087084,-1.2729933,0.45638824,-1.0339481,-1.5832443
864,1.2315859,0.5242945,0.0,0.0,-0.91655,-1.2549621,-0.8726144,1.0,0.0,1.6245424,-0.7449025,0.37459922,1.1321206,-0.7904528,-1.3378663,1.500792,0.26613113,-0.9419516,-0.8872917,1.4009836,-1.6431234,1.5294802,0.6666841,-0.061100844,1.3581022,0.32118574,-0.9631655
865,1.5633246,2.1802745,0.0,0.0,0.47644997,-1.1541868,-1.8054855,1.0,0.0,0.28258267,0.41548052,-1.1112869,0.11624503,-0.44039315,-0.77924633,-1.7375555,-1.6145318,1.6245651,0.2910408,-1.4314005,1.1318725,-0.23629044,1.6095695,0.2624443,0.26834875,0.9053274,-1.5629336
866,1.340398,1.4847606,1.0,1.0,-1.3859656,1.0017631,-0.21445687,0.0,0.0,0.060041964,-1.4746788,1.0063355,1.3939214,-0.16415079,1.62894,-1.6502105,0.5207693,1.4990716,-1.2705171,-0.39081055,-0.7019488,-0.19227551,-0.2916728,-0.19653513,1.4719772,0.30909163,1.6107503
867,0.4326455,-0.1293611,1.0,1.0,-0.43900853,1.5755786,1.0303751,0.0,0.0,-1.2293082,1.1115018,1.4828473,0.48870116,-0.65548337,0.81713,-0.14881493,0.2295257,-1.4112933,0.8824355,1.1365814,0.62505215,-1.0627192,-0.91172373,-0.41839352,1.5903398,-0.12929663,-0.48111314
868,-0.34461564,-0.32722053,1.0,0.0,-0.9775952,1.0621401,-0.9370231,0.0,1.0,0.75957876,-1.446518,1.1841663,-1.4018646,0.14430122,1.6885839,-0.28762355,-0.8161548,1.2166573,-0.6294204,-0.56996727,1.1886033,0.5779922,0.688773,-0.41294903,-1.5646402,1.5623368,-1.6979532
869,-0.18136843,0.4553805,0.0,1.0,-0.56343246,-1.2701854,1.6341059,1.0,1.0,-0.04456316,-1.107613,1.2381544,0.62395614,1.5982324,1.2881025,0.997187,-0.9223899,1.6234739,1.6982383,0.6843199,-0.7054527,-0.30104974,0.7202829,-0.2002724,1.0948114,0.13177148,-0.8856069
870,-0.36205462,-0.110574335,0.0,0.0,-0.3079774,-1.1719732,0.23584637,0.0,1.0,1.4789857,-1.6720376,0.12743153,-0.263912,1.108837,0.6339877,0.9522032,-0.79786897,0.08696417,-1.1413432,-0.0033597318,-0.35281762,1.3783998,0.06211415,-0.54601026,0.78333765,0.70199484,1.2219656
871,-0.36571476,-0.9045379,1.0,1.0,1.4253697,0.86470747,1.0125226,0.0,1.0,-0.6176707,1.1047994,1.3677279,1.125771,-0.23593308,1.5801911,-0.1768631,-0.85542667,-1.0790389,0.00017173223,-1.2995832,-0.011894299,0.0066101225,0.25871274,-1.5069655,-1.6331549,1.5013732,1.0592852
872,0.05928207,-0.6548403,0.0,1.0,-0.94384444,-0.9665969,-0.93166953,1.0,0.0,-0.9504356,0.19604225,1.6740588,1.2746812,0.0642638,1.6241127,-1.6205237,-1.6640925,0.6390526,0.267934,0.8656896,-1.5469297,1.2981486,-0.86701983,0.74797523,0.43754765,0.42705697,0.2443437
873,-0.029777233,0.47750616,0.0,1.0,-0.8735763,1.593678,0.4414599,1.0,1.0,1.585266,0.8134944,-1.256595,1.3882135,-1.6309285,-0.11758652,0.13962214,-1.329938,-0.48906255,-0.72476536,-1.0254241,0.3679588,1.1804252,-0.24901922,-1.4610931,1.1914227,0.36723706,-0.39616248
874,-1.0118465,-1.1611606,1.0,1.0,0.9934233,1.0118073,-0.4592956,1.0,0.0,-0.14039826,1.5370333,-1.3327208,1.3353126,-0.07933052,1.3911314,-0.049695387,0.21996911,0.07748622,0.6036051,-1.2109491,0.7249292,-1.2744093,-0.1009796,1.35914,-1.7534565,0.69194025,0.65802014
875,0.13440572,-0.23647892,0.0,1.0,1.6381048,-0.6600376,-1.0499445,0.0,1.0,-0.32911977,1.0834264,1.5802675,1.1421915,-0.7268211,0.0768396,-1.6592127,1.1117464,0.95188266,1.1551415,0.2733898,1.0067912,-1.4290978,-1.2166388,-0.4631392,-0.8466435,-1.256597,-0.20535631
876,-1.3263129,-1.5653511,0.0,1.0,-0.91343987,0.6885171,-1.1843472,0.0,1.0,-1.5922375,1.1398067,1.2423278,-0.16205478,-1.2182418,0.460347,0.791194,-0.88964295,-1.5856638,1.0471363,0.88174534,-1.4265413,-1.3245575,0.60532296,-0.004437711,1.250664,-0.30473346,0.51850104
877,-0.0009896423,-0.3425869,1.0,1.0,1.4702067,0.043019947,-0.95636,1.0,0.0,-1.3815212,1.5475701,-1.2501085,1.0943611,0.39612,-0.82673943,-1.6392771,-0.29639518,1.2248862,0.11849222,1.2526293,0.3021052,1.3245503,-1.3064038,-0.3800941,1.2474792,-1.5015589,1.2412411
878,-0.017453415,-0.67992353,1.0,1.0,-1.313778,-1.0336505,-1.0167613,1.0,1.0,-0.5934532,1.6871661,-1.3313168,1.108804,-0.47865617,-0.633819,0.13826025,-1.3918964,1.4913777,0.7549923,-0.8893254,-1.5237639,-0.28069738,-1.1444122,0.10353803,0.89512455,0.015257707,1.4397253
879,1.0742846,0.95363265,0.0,0.0,0.8379098,0.311991,1.6342329,1.0,0.0,0.5434182,-0.63360244,-0.35288665,0.009264244,1.3044438,0.78205293,-0.05772796,1.6629637,-0.5541259,0.36803102,-1.0250292,-0.839076,-0.15856169,0.5564816,-0.51763546,1.4848019,-1.1615489,-0.7049278
880,-0.8868609,-0.78799903,0.0,1.0,-0.5601493,0.8069779,-1.5596094,1.0,0.0,0.79556024,-0.22374046,0.6337163,-0.5668262,-1.2979382,-1.1630567,-1.6426263,-1.5211161,1.48325,-1.2054213,0.2144631,-1.2408402,0.19479692,1.1716974,-1.1904663,-1.7046309,-1.3383173,1.5328233
881,0.26320013,-0.40953755,0.0,1.0,0.39690176,0.8936573,-0.7564324,0.0,1.0,-0.2278266,-0.57600254,1.0162086,-0.09256681,-0.11252068,-1.3353165,-1.0720404,1.69566,-1.741742,-1.6468855,-0.37447307,-0.97857535,1.3839021,-1.1896691,-1.0947362,0.866503,-0.39616197,0.21912147
882,0.37056488,0.8135536,1.0,0.0,-1.5337543,-0.44434342,-0.66514635,1.0,1.0,-1.6070402,0.18755186,0.69381404,-1.0770881,1.3032998,-0.10360642,0.8197718,-1.4651216,-0.3857615,0.5350217,-1.0239223,-1.4414499,-1.3814291,1.4573475,0.88775593,-1.3325628,0.61104363,-1.6205379
883,-0.21804057,-0.5997355,1.0,0.0,0.6324032,-0.5519444,-1.1490288,1.0,1.0,-1.1701813,0.5776944,-0.24524274,1.3736293,-0.4654324,-0.41989306,-0.5879258,0.45845094,-0.05021264,-0.92802286,-0.84827965,-0.94489443,-0.50538605,0.2937234,-0.11459393,0.26803604,0.25237718,1.4395665
884,-0.2878371,-0.17971145,1.0,0.0,-0.8956287,1.5791126,-0.74610776,0.0,0.0,-1.6084964,-1.2643884,-1.1590316,-1.5256932,-1.2060984,-1.2927228,0.8183324,-0.100697935,0.85805935,0.7728899,-0.7310923,1.4922793,-0.9268311,-0.5994197,1.58431,0.14590448,-0.38526338,0.029115837
885,1.2669971,1.6143702,0.0,1.0,0.499699,0.46102825,-0.60215384,1.0,0.0,-0.10658864,-1.3873752,-1.613516,-1.2951248,0.34759304,0.9915642,1.303937,0.64207315,-1.618956,-0.7187938,0.5546523,0.6846217,-1.0446997,1.5597006,0.2753305,0.16998382,-0.9068163,1.4598193
886,0.6315863,0.9929104,0.0,0.0,0.30678663,0.9994898,0.3325893,1.0,0.0,-1.5429556,0.2900412,1.4554406,0.2824878,-1.0185149,0.8396578,-0.9810515,-1.3115296,1.3765824,-1.4963646,0.3770104,-0.21013503,0.8156522,0.4293782,-0.96141636,0.96427095,0.7900736,0.8902765
887,-0.6471998,-0.01368511,1.0,0.0,-0.15180318,-0.90649265,-0.6552735,1.0,0.0,-0.46713555,0.79349,-1.484702,0.9066361,0.076974355,-0.43478483,0.4883722,-1.6616145,0.38712704,0.48618615,1.7126578,1.5124584,-1.4186718,1.5627782,1.6470281,-1.5427535,-0.2500172,-0.06755186
888,0.26711494,-0.5214599,1.0,0.0,-1.522601,1.5715077,-1.0197862,1.0,0.0,0.36779356,1.1733102,-0.17385133,0.15511507,0.21457757,0.47250834,-0.81076366,0.544301,-1.3398138,-0.5737506,1.3963451,0.94155085,-0.70089465,-0.4523716,-0.058548436,-0.650611,0.5860566,0.9932488
889,1.7239105,0.82497215,0.0,0.0,1.0738528,0.31418723,0.39342213,0.0,0.0,1.0948147,1.6290268,0.8642878,-0.1656929,0.9085433,0.23175772,0.6930799,-0.09091135,-0.3671316,1.57965,1.2806367,-0.087713085,0.96395236,0.31322783,0.7692056,-0.9910451,0.0075681573,1.5372516
890,-0.5698947,-1.292231,0.0,0.0,0.03770609,1.1929762,-0.8814126,0.0,1.0,1.2207515,1.1378433,-0.83482534,1.1550685,-1.107605,1.6134622,1.6659644,1.4717431,0.11276308,1.0990533,-0.2876346,-0.44112927,0.4246945,-0.52133596,0.74919444,-1.7107763,-0.29871243,0.829505
891,-0.8970485,-1.1854893,1.0,0.0,0.56222534,1.1677362,-0.872574,1.0,1.0,-0.04108139,0.27880955,-0.102167,-0.47724885,-1.2625899,-1.5669962,-0.51313883,-0.4303696,-1.6724886,-0.0019335097,-0.17927814,-1.5395404,1.3939955,-1.3232888,-1.5903883,-1.3598486,-0.7553488,0.2875867
892,1.7781795,1.9420128,1.0,1.0,-0.5331116,0.8862718,0.7340907,1.0,1.0,-0.69586784,0.30308267,0.20586814,0.43419114,-0.7140123,1.4359611,-0.15382236,1.4776324,0.65963095,1.430859,1.241158,-1.6137748,-0.24983303,-1.1483812,0.1889547,0.61329526,1.146729,0.12197953
893,2.0646095,1.5246581,0.0,0.0,0.46896157,-0.23427236,0.6988078,0.0,0.0,-0.16435722,1.1891057,-1.368985,1.1742495,1.302573,-1.0791833,0.4643652,-0.8720066,0.65993446,0.10985098,-0.58169925,-0.8767842,0.9008474,1.5668399,0.08549875,0.48811018,0.7651343,0.6705062
894,-0.2676217,-0.7734906,0.0,1.0,-0.22969057,0.5914186,0.361034,1.0,0.0,-0.9535579,1.5228639,-1.2717354,-1.5434794,0.071187235,-0.8007506,-1.1488137,0.8912426,0.620953,1.7099875,0.4278969,0.63816273,-0.14429146,0.8080243,-0.48919946,-0.73014116,0.6320839,0.84658545
895,0.3338954,0.07770099,0.0,0.0,1.2198558,-1.6548531,-0.23983692,0.0,1.0,0.33860016,-1.3748688,-1.1701239,-0.49416798,-1.5453312,1.2262965,-0.6732499,-0.5169093,-0.7099731,-0.9453735,0.6318298,0.91752195,0.078382626,-0.8232306,-0.053470343,0.74014837,1.3447926,0.743758
896,-0.46664384,-0.7718868,1.0,1.0,0.28357497,1.1695237,1.6847671,1.0,0.0,1.0017728,-0.89363825,-1.0261477,0.15421213,1.0483074,-0.7892979,0.34672016,1.3084248,-0.40320447,0.37711653,0.038681723,-0.1518456,0.9465791,1.2488986,0.004561392,0.59997106,0.23709156,0.7310467
897,-0.6122179,0.30689603,0.0,1.0,1.227388,1.0228784,0.40990555,0.0,0.0,0.30160758,1.5638783,0.21066073,0.35305563,0.63690877,-1.2954161,-0.6669401,0.55317557,-1.3282733,0.57605857,-1.6352926,1.5438867,-0.34658125,-1.2308557,1.5751907,-0.25656587,-1.0715709,1.6900041
898,0.9049693,0.41698503,0.0,0.0,-1.6789671,-1.2178255,-0.56970155,0.0,0.0,1.5064265,0.45057908,0.8197946,-0.54710275,-0.4508471,-0.76881486,0.5743343,-0.7303115,-1.0444093,-1.3237158,-1.5953001,-1.7174206,-1.0165417,0.2635852,0.31084067,-1.0487467,0.20961203,-0.9754055
899,0.31603956,1.0708474,0.0,0.0,1.1907094,0.80085456,-1.0575897,1.0,1.0,0.48835617,-1.5362377,1.0573841,0.9528185,0.20161688,0.74072057,0.9632179,-0.019367374,-1.6374059,-0.6011276,0.46659172,-0.8443217,1.2605426,1.1639521,0.70012224,-1.5606585,0.57637596,-0.20052828
900,0.5753893,1.5515208,1.0,0.0,-0.5001928,0.7071805,0.105424635,0.0,1.0,0.12130789,1.2026433,-1.4180303,0.3714479,0.19621459,1.605645,0.085794814,-0.62685007,1.3591235,-1.4064388,1.1728295,-0.75987786,1.6598598,-0.24206558,0.35340607,-0.3796235,-0.5548872,-0.8806669
901,-0.10646535,-0.18642241,0.0,1.0,-0.90725386,1.2211988,0.59765947,0.0,1.0,1.5317975,1.1860039,-1.4809202,-0.27891704,-0.5568866,-0.23264442,-0.32775596,-0.35673505,0.49526265,1.4240954,-0.43058437,-0.510306,-0.23556642,0.9493399,-0.54401326,1.2410774,-0.21110576,-1.4135003
902,0.12691888,0.016917847,0.0,1.0,0.48398054,1.3121861,1.1367335,0.0,0.0,-0.9389014,-0.43393028,0.22746317,0.10788081,1.4831185,0.094058946,-0.5882195,0.5769247,-0.45996696,-1.1622388,0.33753896,1.5390289,1.5569624,-0.78103304,-0.8833497,1.5403205,-1.5342214,0.5063714
903,1.7836493,1.6973735,1.0,0.0,1.4365594,1.257669,-1.6521477,0.0,1.0,0.5586695,-0.10045076,-1.2889004,0.4706536,0.9022907,0.51919997,-1.3781257,0.6294084,0.40091258,-1.0347766,-0.9454645,1.4280874,-0.36531729,0.32330614,-0.66805404,0.38039294,1.0692205,-0.9498168
904,0.50786275,0.1851715,0.0,0.0,-1.6950272,1.0070848,1.2444367,1.0,0.0,0.60917765,-1.6123915,0.7870572,1.0801305,0.97602314,1.6341047,0.09618486,-1.2072985,1.630367,0.9481959,0.54494905,0.55238193,-1.0472791,-0.3208893,1.4491599,-0.7730375,1.301411,-1.2748373
905,0.69356734,0.39763868,0.0,1.0,1.0634891,-0.0121514965,1.314258,0.0,1.0,1.5841246,-0.10820964,-0.98049235,-1.4124849,-1.3608775,-0.66947377,-1.3523959,-0.58652246,-0.4252044,1.1156858,-0.40287864,1.3021595,0.28576067,-0.5781239,-1.295667,-1.0749173,0.49331543,0.1883212
906,-1.2653042,-1.8773202,0.0,1.0,-1.1206868,-0.98760414,-0.42725927,1.0,1.0,-1.636123,0.88261414,-0.79440767,-1.0180637,-0.30323854,-1.2602011,-0.8224907,-1.65248,1.0549086,1.4328996,0.7187216,0.884315,-0.3296254,0.68499327,-1.678398,0.21352668,-0.5718128,-1.2021539
907,0.04204527,0.17764609,0.0,0.0,0.64145315,-1.3333459,-0.17636411,1.0,1.0,-1.3661214,-1.468971,0.15093148,-0.9035756,-1.2054309,-1.2379043,-1.2612177,1.1896503,0.0017993606,-1.1787369,-0.25740913,0.13618448,-0.92735285,1.2441806,1.4909396,-0.6807982,-1.6034465,1.1376151
908,1.1914647,1.559196,0.0,1.0,-0.9200971,-1.5270143,-1.3909944,0.0,1.0,1.2723637,-1.2396016,-1.6634496,-1.3179948,1.112205,1.3118666,-0.5541437,-1.6877152,0.13511552,1.2489536,0.7409162,1.5943351,1.2330239,-1.5274947,-0.57399946,0.121199645,-1.2019724,-1.2556527
909,0.05582127,-0.32601628,0.0,0.0,-1.1830351,1.6744888,-0.14777468,0.0,1.0,-1.3032815,-1.2462972,-0.53732824,0.18995415,1.4154538,1.4558934,-0.32665536,-0.6709235,0.74280167,-1.251873,1.4946747,0.74689186,-1.683364,1.2271484,-1.269558,0.96272486,0.30322856,-0.7102115
910,0.98513013,1.3160238,1.0,1.0,-0.6750666,1.1947064,1.0265001,1.0,0.0,-1.1480849,0.00617709,-1.3312091,-0.49745026,-0.032976676,-0.66338766,-0.35735625,0.6346076,0.25429803,0.07739451,-1.2806094,-0.84488684,1.1131204,-1.0419693,-0.8291559,0.76757145,-1.2590554,-0.94381243
911,-0.6769288,-0.9218036,1.0,0.0,-0.2635174,-0.9118108,-0.6774505,1.0,1.0,-0.7188465,-1.0626153,0.67368203,-0.51305914,1.5336328,0.39315554,0.11805423,1.5352411,0.74852914,1.3773363,-0.7936242,0.647809,-0.7657334,-0.022868853,0.33166483,-1.2904772,1.2007598,-1.6649306
912,-0.54844,-0.89358234,0.0,1.0,-0.70030946,1.0360053,0.29362664,1.0,0.0,-1.3970854,0.6518503,0.15715742,1.1425304,0.88270175,0.56341916,1.4775155,0.44906533,-1.4743345,-1.4024215,-1.4781386,0.47824916,-0.72584724,-1.5570538,-0.22844982,-0.6737198,-0.49991176,0.52564806
913,-0.046919294,-0.031568166,1.0,1.0,1.5587876,-0.5162468,-1.651465,1.0,0.0,0.4530764,0.3926457,-0.9249041,-0.61416394,-0.17644253,1.4122896,-0.21254298,0.7909902,-1.0970736,0.64987695,-0.6696934,1.3268154,-1.2253234,1.5702178,-1.3214715,0.96517396,1.5377667,1.5954224
914,-0.014585384,-0.19348547,1.0,1.0,1.5893133,-1.0494758,-1.1588625,1.0,1.0,-0.20038553,-0.9000726,0.7442955,1.681904,0.9342245,1.3063246,-1.1949372,0.29053974,0.723797,1.3537595,-1.5827171,0.9287773,0.088964984,0.7585733,-1.2674639,-1.1208454,-1.5248876,-0.3736104
915,1.0188498,1.7311423,0.0,0.0,1.3196251,-1.3399876,-0.67273414,1.0,0.0,1.6750803,0.947553,-1.6260656,-0.7866138,-1.2192974,-0.6450589,-1.5895019,-1.3637276,-0.6002394,1.2585567,-0.26914865,1.5622162,0.6527318,0.4918461,-1.093862,-1.2864599,-0.79311216,0.3115812
916,-0.32782313,0.25454926,0.0,1.0,1.0580366,0.03151986,-1.4308361,1.0,0.0,0.18594128,-1.2914957,-0.63543844,-0.8188628,-0.056776848,-0.26811317,-1.2900606,1.7712477,1.0215154,1.3567743,-0.34901604,-0.18048093,1.2345473,1.3085943,1.611589,-1.1800202,1.5554034,-0.028978935
917,0.04903952,0.6205569,0.0,1.0,1.3242941,-0.6893717,-0.82495576,0.0,1.0,-1.076447,1.0669559,-0.8284393,1.6738423,-1.6479987,0.76461893,-1.2352743,0.19880092,0.24488671,-0.4921231,0.8045022,-0.42960462,0.11654387,1.5748543,-0.18958107,-1.3299935,-0.24633877,-1.2902633
918,0.4892063,0.8276448,0.0,1.0,-1.2090248,1.6480861,0.7550407,1.0,0.0,1.6600733,1.6892166,1.2918885,-1.2430449,-1.2124319,-0.730273,1.1255896,1.6203943,-0.24652132,-1.2123631,-0.39836726,-1.6826222,-0.2889534,-0.24878782,-1.4324857,0.9701427,-1.4860518,1.5138272
919,-2.312513,-2.9132392,0.0,1.0,-1.0892375,-0.7987637,0.09592454,0.0,0.0,0.80592304,-0.07542333,-0.76106006,-1.125405,-0.0743231,-1.2454771,0.90959233,-1.0896916,0.9833183,0.26572788,-0.9579769,1.5611492,0.32175085,-0.8070193,-0.9309226,1.4122962,-0.94195265,-0.121831596
920,-0.12276652,-0.39095023,0.0,0.0,-0.089789554,0.823246,-1.4576575,1.0,0.0,0.9969147,-1.0904235,1.562872,1.3161304,-1.3169442,-0.43210346,-1.3563699,1.1238548,-0.014621352,-0.8093614,-0.9536702,1.3682376,-0.820114,0.96751124,1.1681207,-0.12403407,1.1091335,1.1949934
921,0.4028354,0.33207148,0.0,0.0,1.5192288,0.2739584,-1.7161936,0.0,0.0,-1.5520431,1.0657085,0.9627375,0.56815076,0.62495095,0.075825505,0.8189572,0.7527803,0.95175946,-0.52595735,1.6015607,-1.0787852,-1.7138095,-0.3433843,-0.8827905,-0.8564612,-0.36764517,-0.5393022
922,0.9638336,1.7231508,0.0,0.0,1.6510043,1.0782936,-1.4685595,0.0,0.0,1.1364772,-0.57277673,1.336103,1.7096862,-1.0778531,-0.70189244,0.6078644,0.85312885,-1.2319516,-0.7477754,-0.78002805,-1.1573455,1.4732181,-1.1745176,-0.007331922,-0.963412,0.9723022,-0.254677
923,0.08837722,-0.28696555,1.0,1.0,0.08448006,0.36298978,-0.8768752,0.0,1.0,0.28312898,-1.6618633,-1.3413599,-0.23079163,1.4891657,-1.5602592,0.29197106,1.6678631,1.3388232,-1.3055465,-1.107484,0.054648783,-0.08328688,-1.0430793,-0.80885005,-1.0821761,1.1565148,1.7363286
924,0.27552798,0.79404426,0.0,1.0,-0.19629054,-0.60898703,-0.67958194,0.0,0.0,1.325435,-0.9304074,-0.54968673,0.25055003,0.7258305,0.2518686,-0.17422204,0.7206496,1.1231387,-1.3946354,0.97697616,0.2507339,-0.048772905,-0.7209007,-0.696623,0.9963159,0.4179266,0.23869547
925,0.11310469,-0.76674527,0.0,0.0,-0.2069134,1.4095311,0.86427283,1.0,0.0,0.014667007,-0.008720556,1.2552426,-0.11067556,-0.9943084,0.8222387,1.1360487,-0.04259717,0.60763794,-1.0869769,1.4215876,-0.47094658,0.7691344,1.5065248,-1.4063152,-1.5559201,1.2458504,1.324156
926,0.36153656,0.14244124,1.0,0.0,0.13914286,-1.4595344,0.8551869,0.0,0.0,-1.6519245,1.243273,0.8320955,1.6967524,1.1079879,1.4411627,-0.2954748,0.9051148,0.8296051,1.6110353,1.4136953,-1.626426,-1.3020846,-1.6034071,-0.71855223,0.30831477,0.05209363,-0.63472337
927,0.07103742,-0.10271067,1.0,0.0,0.67076194,0.2774176,-1.1961989,0.0,0.0,-0.59735256,0.8133057,-0.7066784,-1.3146551,0.95927167,0.35139385,0.7826617,-0.91826737,0.7628348,0.68456405,-0.29879716,1.6003428,-0.10198712,0.5231039,1.712654,-1.4273106,1.3448642,0.6813756
928,-1.7512019,-1.2794472,1.0,1.0,-0.7774078,-1.1851418,1.01363,0.0,0.0,-0.38056976,0.4619183,1.45412,-0.15939981,0.17410925,-0.10481501,1.1190419,-0.3275684,1.5536461,-1.1435348,1.619634,-0.61749935,-1.4366766,0.8570871,-0.17702788,0.9141994,-0.7081301,1.6255533
929,0.35010222,0.78150004,1.0,0.0,-0.4444032,1.1910244,0.2680384,0.0,0.0,1.674195,0.60085225,0.93867815,-0.58231187,1.5090909,-0.22378026,-1.3533561,-0.36988994,0.96750605,1.4936773,-0.93943816,1.4618397,0.56891644,0.117979154,1.1099163,0.36903796,-0.84120476,-0.45774746
930,-0.0038735522,0.043267142,1.0,1.0,1.5231677,-0.72862834,-1.1999418,0.0,1.0,0.3782443,-1.5717514,-1.0270331,0.9026752,1.0065283,0.7248049,1.0554193,-0.6926571,1.3357636,0.92497534,0.6083409,-0.83329606,-0.67560595,-0.19060169,1.005694,-0.076305605,0.6137693,1.3291878
931,2.4668741,2.6578996,0.0,1.0,-1.6332529,-1.3295816,-1.3886988,0.0,0.0,-1.7661709,1.3647393,-1.7256749,1.1025794,0.26922292,-0.8436471,-0.26268154,-0.22829756,0.91482085,-1.1085945,-0.111055635,-0.795119,0.41000065,-1.5929263,-0.25379792,-0.13801666,-1.4055701,-0.67115706
932,-0.11858763,-0.7167151,1.0,1.0,-1.1769052,-0.2404911,-0.008107848,1.0,1.0,1.2949562,-1.6535075,-0.29005554,-0.8872079,-0.5393065,1.4265133,0.17849238,-1.6539761,1.576289,-1.7194936,1.5030221,1.2208415,-0.49915582,-0.93891144,1.5210791,1.423287,0.15531756,1.0318351
933,-0.24552605,-1.0458329,1.0,1.0,0.5551779,-1.5945371,-1.4345949,1.0,0.0,-0.97086686,0.1394322,-1.1362104,0.8355811,0.2735718,-0.027447458,-1.2059904,-0.6466974,1.4596221,-0.8602325,-0.31647584,1.7492939,-1.4999585,-1.0760624,0.10052493,-0.10786876,-1.1011353,0.8404154
934,-0.14328477,0.34003258,0.0,0.0,0.82714057,-0.3564931,1.5064838,1.0,1.0,0.7525808,0.07395347,0.0874176,-0.3007273,0.4950478,-1.5785012,0.7212893,-0.1441749,-0.101123154,-0.5968935,0.20949502,-1.3796688,-0.89480793,0.557875,-1.1652753,-1.2890812,-0.4776429,1.0423349
935,-0.7465252,0.48422173,0.0,1.0,-1.184624,1.5502467,-1.7703047,0.0,0.0,1.2190064,0.59926164,1.5412263,0.14774081,0.47788474,0.8877309,-0.4099269,1.3491464,1.5004694,-1.4397795,-1.2075282,-1.6956929,-0.34620774,0.1813754,-1.5928557,-1.4476484,0.6288714,-0.76032126
936,-2.385414,-1.9230485,0.0,1.0,-1.0430014,-0.7770414,0.23593874,0.0,0.0,1.4533445,-1.6425059,-1.3204236,0.50427306,-0.63788366,0.6408466,0.9419866,-0.5846853,0.20298414,1.6030076,-1.2935377,0.20625785,1.2952863,-0.20208475,0.58523333,1.2529063,-0.66009307,-1.1668024
937,0.70345676,0.50439304,1.0,1.0,-0.2890679,1.0212119,0.060027014,1.0,1.0,1.5084491,1.4739515,1.2302728,-0.10627563,0.79496634,1.4902238,-0.795361,0.5510707,1.3971026,-1.5824902,-1.3704532,0.5406827,0.59541905,1.0564866,-1.4176441,-0.9317901,-0.3429143,0.17754963
938,0.36584938,0.6007592,1.0,0.0,-1.0460539,-0.57676256,-1.6889771,0.0,0.0,0.06799633,-0.9244708,1.0244718,-0.68160146,0.55588704,0.6543461,0.99904597,-0.23784028,-0.4182576,-0.08477635,-0.9927923,-0.556334,-0.8915424,1.6265085,-0.8235976,0.32564586,-0.3170654,-0.9448073
939,0.34506056,-0.46909782,0.0,0.0,-0.06672077,1.4863422,1.0631185,0.0,1.0,0.48783827,-1.4838359,-0.4252881,-0.14845102,0.0055430853,-1.478283,1.5408835,-1.3566964,-1.1281065,0.50285554,1.1656579,-0.50228775,-1.7445333,-0.72436285,0.53930837,-0.03891741,-0.30228916,0.8439343
940,-0.8827244,-0.9683792,0.0,0.0,0.40028092,-1.118899,0.8046354,1.0,0.0,1.0105231,0.22187594,-0.27217802,-0.12827912,-0.718509,1.0927439,-1.3952503,1.2349944,1.0721041,-0.21804959,-0.705548,0.8401897,1.5308578,-0.53202623,1.4736314,0.85933006,0.059144616,1.1047428
941,-0.58416927,-0.72756386,0.0,0.0,-0.99241716,-1.4699826,0.4260472,0.0,0.0,1.5042387,0.22985116,-0.5809124,-0.9696857,0.17859846,1.4519794,0.055522244,1.3790259,0.27287474,1.1179988,0.55809593,-0.1307016,-0.11727641,-0.91627866,1.5008782,0.78659534,-1.3762891,1.3839904
942,-0.79477286,-0.20274302,0.0,1.0,0.2533376,-1.2618884,0.78118706,0.0,0.0,1.5936766,-0.47246638,-1.0912429,0.88959455,-0.59333843,-0.5058739,1.4128369,0.97936106,1.0610794,1.3517766,-1.4894103,-0.7931408,-1.3378791,1.3686912,0.9525588,0.65438706,0.37805086,1.4930576
943,-0.5649128,-0.43354255,1.0,1.0,-1.6152258,0.60699904,1.3492253,1.0,1.0,0.75797397,0.3642404,-1.0089043,1.6217357,-1.5825925,0.57892495,1.5594119,-0.9400679,-0.94169134,-0.69397,-1.7056292,0.3013968,-1.7652093,-0.53791285,-1.2352636,0.70075583,-1.2816347,0.8557826
944,-0.55567837,-0.116790205,0.0,0.0,-1.4116088,-0.9689992,0.7251739,0.0,1.0,-1.63454,0.624128,-1.3667979,1.4360574,-0.006802783,-0.87882525,-0.33907807,-0.09320804,1.1102556,0.54612267,-1.2037609,0.7919095,0.9223303,-0.21539637,0.7065826,1.0441543,-0.29383776,-1.0408406
945,0.1493375,-0.45073473,1.0,1.0,1.4088103,-0.4685861,-1.7733728,1.0,0.0,1.1438121,1.0785795,-0.25891885,-0.6194045,-0.6844758,1.2736903,-1.435636,1.4640181,1.3777779,0.7490208,-1.1661243,0.19307086,-1.750355,0.9891508,-1.1814868,-1.4831152,-0.13719055,0.59111834
946,-0.59641695,-0.7072541,1.0,0.0,-1.0714395,-0.6742241,-0.54357046,0.0,0.0,-0.14277796,-0.45730343,0.079755165,-0.48740813,-1.3766543,1.4409088,-0.4954869,0.8837088,0.08045023,0.4312075,-0.20295209,-0.92116916,-0.9881236,1.5236565,-0.4325769,-1.4846991,-0.40174437,-1.6614007
947,1.1107054,0.7619969,0.0,0.0,0.11441087,-1.504243,-0.39589545,1.0,1.0,0.82613087,0.7190681,0.7873688,-1.2444966,0.008675744,1.5732802,-0.7425978,0.9126319,-1.3879216,1.6071024,1.5676363,0.6967614,0.76793844,-0.71972543,-0.8419988,-1.5476803,0.23752944,0.03404366
948,-0.18073454,0.19522636,1.0,0.0,0.7398556,-1.0906576,-0.34387508,1.0,0.0,-0.9949664,-0.74050474,0.58484846,-1.1526248,-0.68680656,-0.013755289,1.2040621,-1.5054224,0.66743565,0.19879204,1.4294422,0.5937657,0.3936129,0.48380935,-0.45981967,0.9325945,-1.1643066,-1.5764678
949,1.0041324,1.1325281,0.0,1.0,-0.06215283,-0.6191904,0.22695127,0.0,0.0,-0.08243982,-0.15295857,-1.5548018,-0.09796227,1.4988011,0.38160554,0.65699685,-0.27712777,1.0953821,-0.35830936,0.36165753,0.4456394,0.40179545,-1.5555867,0.22063445,0.8497433,-1.2160941,-1.3778907
950,0.690408,0.76524574,0.0,0.0,-1.1771414,1.0003697,0.72719216,0.0,1.0,-1.1112311,-1.3092725,-0.6997466,1.0821539,-0.31334433,-0.23345177,1.595019,-0.36503285,-0.04651231,0.70352924,0.82634276,0.21943684,1.6601201,-0.5142562,-0.727135,-1.3223642,1.6326259,0.46078306
951,-1.6034968,-2.4969435,0.0,1.0,-1.1399448,-0.6994402,1.6562696,1.0,1.0,0.68375385,1.2087878,0.1757011,-0.34688503,1.6409342,1.5092806,-0.6417151,0.85931784,1.4916792,-1.3656806,1.6476635,0.07538146,0.68029433,0.51654464,-1.1266316,0.019933693,1.5076861,-1.0181357
952,-0.19870111,0.58639294,1.0,1.0,-1.046845,1.4048529,1.6111971,0.0,0.0,-1.1157246,0.0098741,-0.078275606,1.3722237,0.41314366,1.4818155,-0.13726655,-0.6748872,-0.90554345,0.68114424,-0.533671,1.4249825,0.23322904,-0.61939704,-1.0579804,-0.44774377,1.7189581,-0.41679108
953,0.36912808,0.22477025,0.0,1.0,-1.7235392,0.7598547,-0.4799862,1.0,1.0,-0.016957706,-1.6016451,1.7140102,1.1924767,-0.50306076,-0.6102673,-0.9772833,-1.503272,-0.9224659,-0.07001374,0.65934,0.20240465,0.78306675,-0.9341876,0.45985124,-1.3630153,0.48204574,1.4060904
954,-0.47647187,-0.4623123,1.0,1.0,-0.3689623,-0.62387013,1.0786465,1.0,1.0,0.8292234,0.7928736,-0.57786083,0.99683625,0.1497386,1.0366834,-0.6410209,-0.37439483,0.39279023,0.66384083,0.6355083,0.24401341,-1.7262988,0.9456335,-0.8903182,-0.32597658,-0.8401506,1.1838739
955,-0.59912837,0.5287922,0.0,1.0,-0.6348735,0.52368754,1.6049334,1.0,0.0,-0.6414091,-0.061255015,-0.9513677,0.07392166,-0.36671972,-0.39250916,-1.2913748,-0.17380527,0.42828345,-1.6096836,-1.4003187,1.5885427,-0.9581056,-1.6486696,-0.1415315,0.7222986,-0.0023943626,1.2105044
956,-0.29807684,0.38397968,0.0,1.0,-0.2446862,0.67136854,0.31055096,0.0,0.0,-0.26939943,-1.3293571,-0.43671718,0.20011447,1.2762085,1.5361516,-0.5164124,-0.2824303,0.5537331,0.6947037,0.6600535,0.8289965,-1.1847154,1.3344911,0.98049086,-0.7892909,-0.7033013,-1.2260182
957,-0.36431953,-0.27222562,1.0,0.0,0.41669175,0.43165073,-0.72253865,1.0,1.0,1.4892343,-1.0464592,-0.7338143,0.02200266,-0.92841935,0.31725454,-0.75955635,-0.60452414,-1.1859317,-0.15626234,-0.02444831,-0.3114649,-1.7075251,0.050705962,1.1702905,-0.15208732,-1.2284216,-0.9483324
958,0.7733996,1.0935981,0.0,0.0,1.2017998,-0.15518339,-0.68801224,1.0,0.0,0.3052397,0.13572529,0.90534395,0.34301794,1.5073253,-0.21635157,1.454699,-0.7366842,-0.5920485,-0.5555067,1.3859067,0.41668114,1.5950284,0.33007216,-0.4038484,-0.03275928,1.3040149,1.0652492
959,-0.49754733,-1.0688101,1.0,1.0,0.28677225,-0.082381524,1.4366906,0.0,0.0,0.6526286,-0.19409086,-1.0874233,-1.6479183,0.45005223,0.7225515,1.0035812,1.4372084,0.22291368,0.75837606,1.5292432,0.91969246,0.5309472,1.5737181,1.0839609,-0.2112149,-0.9639808,-1.3120667
960,-1.450393,-1.7877806,0.0,1.0,1.0286932,-1.3225694,0.5792855,0.0,1.0,-0.82232636,-0.22913845,-0.28662613,1.45655,-0.66891074,-1.4924889,-0.8359419,-0.3201907,0.057913788,0.20117317,-1.125271,1.6648365,0.404753,-1.2763944,1.6249999,-1.4742788,0.7733289,0.41143107
961,1.0158956,1.3552032,0.0,0.0,-0.8217624,-1.3293135,-0.62781256,1.0,1.0,-0.3473654,-1.1361225,1.4981662,-1.3034192,-0.6690336,1.1328795,1.0349472,0.4546444,-0.67759895,-0.42962354,0.8829339,-1.6727715,-0.27829754,0.05620825,0.5529681,-0.60737705,-1.6986316,0.23208985
962,-0.7801877,-1.0087161,1.0,1.0,0.5321182,1.1385013,-0.7168488,1.0,1.0,-1.4135747,-0.31577656,0.9303108,-1.0990782,0.72964257,-0.81334984,0.37359723,-0.11306151,0.8947236,1.5289394,1.2460672,-1.6820512,0.09791515,1.4836851,-0.84307444,1.3128244,-1.129509,-0.525198
963,-0.82389206,-0.94003195,0.0,0.0,-0.7426017,-0.9569343,1.1852854,0.0,0.0,0.6878912,1.4754645,-0.87264895,0.68007636,1.6874416,0.09744261,1.2736015,-0.6447565,1.1378515,0.6492115,0.40206128,1.7062354,1.4079106,1.4851644,1.6136982,-0.84268445,-0.9618128,-0.3871864
964,0.19657853,-0.44266072,0.0,0.0,1.1928021,1.6220366,-0.11358612,1.0,1.0,-0.9074667,-1.4846556,0.41213992,-0.31976846,0.116012,-1.7241211,0.49264163,0.74140054,-1.1033647,1.2409743,0.3661388,1.5254631,0.88946044,1.3918285,-0.19863543,0.98537207,1.5296583,-1.5855795
965,0.18214221,-0.11800478,1.0,0.0,-1.346125,-0.20913213,-1.1779683,0.0,0.0,-0.060883388,-1.6664504,0.4441299,-1.2273724,0.6411201,-0.5382019,1.1647954,0.25320855,-0.10919258,-0.9014276,-0.06427758,-1.7052509,1.4994498,0.25524575,-1.3049533,1.3172212,-1.4834598,1.3023152
966,-0.7621132,-1.0517999,1.0,1.0,0.2975496,-0.41308543,-1.6107641,1.0,1.0,0.6382113,1.5404488,-0.6150847,-0.3940205,0.7392989,-0.7959079,0.9723961,0.14516543,1.2567015,-1.6853145,-0.018061897,1.5015672,0.11271555,-0.6653272,-1.6894046,-1.5311508,1.0620977,0.16277596
967,0.43587252,0.20148814,0.0,0.0,1.1829572,0.9951732,-1.1194211,1.0,0.0,1.6629546,-1.24911,-1.6039089,-1.2146443,0.54794675,-0.29340306,0.96604854,-0.1614943,0.7473136,-0.44506022,-0.6433115,1.1149997,1.0642064,1.2321801,1.4571791,0.50321037,-0.14935416,-1.6160579
968,0.54250044,1.3267001,1.0,0.0,-0.3645889,0.5172097,0.015040454,0.0,1.0,1.2746117,0.44821957,0.15155996,-0.30620316,0.28324732,0.73263943,0.98336107,1.3605995,-1.4002321,1.7729857,-1.3279369,0.9032865,-0.67248654,0.6508377,-1.3075693,0.08574344,-0.45176697,-1.646753
969,0.9812113,0.9247072,1.0,0.0,0.41700688,-0.0052097077,1.0824897,1.0,0.0,0.45804337,-0.48591605,-0.5060216,1.6411433,1.2018435,-1.5814589,0.8348309,-0.6610326,-1.4680653,-0.48929048,0.28072804,-0.69346225,-0.7741564,-0.10898781,-0.084471144,0.0903237,1.4258202,0.27766618
970,-0.047142636,-0.009595856,0.0,1.0,-0.87197185,1.61381,0.36509272,0.0,1.0,0.8037086,-0.6191407,1.6190027,1.016528,-0.6499923,-0.9176073,0.19917834,-1.1176492,0.92255497,0.59998876,-1.4552729,-1.4668275,0.6902876,-1.4267514,-0.9877038,-1.1179304,-0.14172058,-1.2987734
971,0.04461678,0.5438637,0.0,0.0,-0.89468867,1.2193924,1.3570889,0.0,1.0,-0.18171825,-1.071786,1.4797379,0.9867782,1.2693422,1.6132035,-0.7266332,-0.67854726,-1.1911511,-1.1674442,-1.6831952,0.5098098,-1.4934095,-0.6433712,0.9194205,1.0399374,1.197964,-0.64029104
972,0.14163834,0.008151604,1.0,1.0,-0.988393,-1.6954838,-1.4111927,0.0,1.0,1.1565962,1.500167,-0.44981164,-0.3321987,0.07773929,-0.89102495,-0.045574635,-1.1138914,0.09750409,-1.670728,0.55156547,-0.71162564,0.45571545,0.46147442,-0.17024395,1.4426233,-1.177956,1.7283591
973,-1.2055267,-0.8981833,0.0,1.0,0.23546416,-1.2096769,1.0766895,0.0,0.0,-0.04931672,1.6769252,-0.10499397,0.98935103,1.0814131,-0.1354246,-1.7462722,1.2240392,-0.061995137,0.00065212074,0.6706704,1.6819329,-1.3289963,0.77989596,0.0249557,-1.0447471,0.2873567,0.07243376
974,-0.6308766,-1.4496748,0.0,0.0,-1.1189203,0.19238067,0.057045087,1.0,0.0,-0.6052244,1.501955,1.0787671,-0.36692634,-1.1829615,0.80252683,-0.38463485,1.4262398,0.67082065,0.039505493,0.80338717,0.89104056,0.08193775,-1.6947325,-1.0770707,0.8300896,-1.3494415,-1.0147408
975,-0.40788108,-0.55956244,1.0,0.0,0.92541,0.8382625,-0.031092187,1.0,1.0,-0.48181087,-0.32328504,-1.2672505,1.3632586,-1.1727538,1.4913205,0.60824174,-1.4961143,0.22878541,1.7544062,1.1162194,0.57640314,-0.034437418,-1.3916079,0.17990012,-0.16075249,0.94511074,0.67408127
976,1.1891327,1.4290919,1.0,0.0,-1.3947033,0.76786035,-0.22800933,1.0,1.0,-0.6841742,-0.4129449,-0.85330355,-0.05847058,1.2459148,1.4911215,-0.4743739,1.0483235,-1.4821612,1.7228116,-0.36650229,-0.36255333,1.3799888,-1.4058778,0.87742144,-0.60177827,1.3898884,1.1830416
977,0.11290082,-0.21109441,1.0,1.0,-0.79739827,-1.2169843,-1.0197312,1.0,1.0,0.81341946,0.2916518,0.37063164,1.413698,-1.7561914,-0.07880606,0.18277615,-1.3066777,0.0018523363,-0.024911346,1.3570921,1.5353289,1.0378225,1.5366927,-0.5805506,-0.40309978,1.0679551,-0.030401738
978,0.9980212,1.2179701,1.0,0.0,1.3754892,1.417941,-0.7983027,0.0,1.0,-0.07731635,-1.1304429,1.6110629,0.74717414,1.6767905,-0.8106905,-0.16068375,0.24823307,0.43441272,-0.11151827,-1.4758767,-0.20417911,0.15459289,-1.4169416,1.3357928,0.7717057,1.4057561,-0.33345547
979,-1.2820314,-1.4338405,1.0,1.0,-1.2559148,0.74809897,-1.7015314,1.0,1.0,-1.5974886,-1.3289824,0.6135295,-0.7931927,0.8564213,-1.5843518,0.64690524,1.4375222,-1.1145715,1.2299223,1.0548726,1.0133307,0.45585537,-0.35016766,-0.9162725,0.89900374,0.65530837,-1.4998764
980,-0.08370343,0.18542348,1.0,0.0,-1.2754904,1.5339916,-1.132456,1.0,0.0,-1.3887826,-1.2203703,-0.09782077,0.20328094,-1.162241,-0.05101364,1.528206,-0.50561446,0.61676896,-0.15249217,0.56065345,0.34212694,-0.0633369,1.0133674,0.021875564,-0.9693861,-1.1688963,0.17654687
981,0.18741947,0.66414076,1.0,1.0,0.8353021,0.58916014,-0.15933517,1.0,1.0,1.0305297,-1.0336473,-1.5901093,-0.60898226,-0.61907977,-0.73964626,-0.96779215,0.2624841,-1.5601326,1.2007065,0.5859707,0.4966592,1.0616338,-1.7098249,-0.8866234,-0.62687933,0.118572086,-1.4524286
982,-0.24345607,-0.34465805,1.0,1.0,0.28141892,0.6546607,-1.3366752,1.0,0.0,1.0982854,-1.351302,-1.7002296,0.5360298,1.3951126,-1.0240244,-0.19515252,-1.7331387,-0.5175122,0.44814712,1.1446991,1.393392,1.1351935,-0.5732524,1.3801551,0.71072567,1.4202687,1.5169909
983,-0.89750296,-1.4039114,0.0,1.0,-0.011862815,-1.5411414,-0.30579883,1.0,1.0,1.2153717,1.5194703,-0.89429593,-1.6618031,-1.6502852,1.550874,-1.05273,0.5877408,-1.6098799,1.5729349,1.2361444,-0.12390842,-0.7451101,1.2695075,0.6308827,-0.79091686,1.1746498,0.13979238
984,-0.37717894,-0.8208871,0.0,1.0,-0.10303386,0.087968625,1.6202213,0.0,1.0,1.5073717,-0.23681238,-1.3921019,-0.85182,-0.09271758,-0.41653094,1.4859662,0.8483276,-0.79136974,1.5976776,1.2485311,1.5021514,-1.3144639,1.0560105,-0.10707206,-1.4085734,0.2058604,0.3273539
985,0.28265333,0.3155836,1.0,1.0,-0.13706103,1.48651,-1.3360159,1.0,0.0,1.2828447,-0.12204374,1.039058,1.0968124,0.21340159,-0.41368407,1.5341659,-0.061617862,-1.1287153,-0.35182416,1.3477521,1.289758,0.8870004,-0.6464303,-0.03694062,-0.36072809,-1.5085078,0.680812
986,-0.40495282,-0.42900583,1.0,1.0,0.35044533,0.13015476,1.4349934,0.0,1.0,-0.5320107,0.5432909,-1.4724126,-1.2495978,1.4881737,-1.626145,-0.4244734,1.5017611,0.57760656,-0.3529476,-1.0517181,0.77770233,-0.6723906,0.7353541,-0.18927018,0.32881144,0.12851876,1.1365114
987,0.3019172,-0.41872752,0.0,0.0,0.7557373,1.1940107,0.06045024,0.0,0.0,1.0911636,-0.94872767,1.512472,-1.5927434,0.15402825,0.029712342,1.4448352,1.3131466,-1.429154,-0.99227625,-0.35167634,-0.7656613,-0.26069033,-0.40405357,1.0684017,-0.9166404,-1.7116727,-0.41691676
988,1.5213546,1.9597652,0.0,0.0,1.581249,1.3755493,-0.25594643,1.0,1.0,1.5389916,-1.3420477,-1.5458715,0.80348927,-0.6382763,-1.0348566,-0.06063683,0.90977067,-1.7377787,-1.6218166,-0.091233775,1.7293639,-0.9822867,1.6075405,-0.092321694,-0.059844512,-1.0194558,0.005252356
989,0.061729882,0.6027037,0.0,0.0,-0.6055874,1.0002874,0.44809407,0.0,1.0,-0.7578186,-0.7954561,0.11222772,-0.060195692,1.2122803,-0.4830553,-1.6632102,0.71824145,0.12992176,-0.64499223,-1.2320813,-1.0764937,1.1875038,0.33601722,-0.6283842,-1.5864751,-1.2703446,-0.371722
990,0.69274884,0.69189,1.0,1.0,-1.205216,1.628394,-0.0958745,1.0,1.0,1.5810239,0.4897468,-0.47836682,-0.8675534,0.23870696,-1.6636947,1.3205647,1.3837405,0.8916543,-0.89626217,-0.4461262,-1.5970913,-0.5320769,-0.0646023,-1.1798928,0.9968308,1.324207,1.3495018
991,0.5894642,0.7229121,0.0,1.0,1.269344,-1.5242194,-0.15865083,0.0,1.0,-1.7224162,0.073744185,-0.7633424,-0.51925856,-0.29463008,-0.80529076,-1.2709341,-0.77752435,-0.22485894,-0.07753145,-0.88862556,-1.0611385,0.5840791,-1.1306125,-0.5111861,1.1760703,-1.2309495,1.5886356
992,2.5385766,2.6706498,0.0,0.0,0.7977418,0.094339006,0.36066383,1.0,1.0,1.2231363,0.4502989,0.3802199,-1.6782418,-1.0911535,0.07923626,1.2304204,1.1392817,-1.2544777,1.2993938,-0.7461184,-1.3922329,0.29279652,1.0540842,-0.6253778,0.049648497,-1.3606532,-0.6149184
993,0.38985786,-0.028738488,1.0,0.0,0.91987693,-0.36383832,1.024896,1.0,1.0,0.8733384,-0.3256727,-0.8679375,1.1688563,-1.4071649,0.92946666,-0.92405134,0.5257936,-1.5824158,0.18191007,1.0283966,0.56006795,0.18263115,-0.68692005,1.5017978,-1.0648997,0.7237491,0.9722712
994,-0.5833302,-0.59873945,1.0,0.0,-1.5279173,-1.3811724,0.039169442,1.0,0.0,-1.6217554,-0.6079422,0.27715486,1.4417698,0.88147086,1.4298147,1.1774358,0.031182453,-0.5808989,0.041610546,1.468285,0.18483375,1.4214014,-0.26198226,-1.2000612,1.2572067,-1.5253179,1.4141421
995,-0.018343056,0.122918494,0.0,0.0,-1.6362442,-1.413123,0.6144483,1.0,1.0,0.69036,0.4515533,-1.3531483,-1.0965972,1.1705993,-0.48614803,-1.4584678,-1.1684039,0.05782104,0.7114407,-1.6704177,1.0466933,-0.82890344,-0.8002532,-0.10526665,0.80821747,0.366871,-1.0703212
996,-0.27831924,-0.35475776,0.0,0.0,-1.6994393,-0.45799437,0.3348605,1.0,0.0,-1.1509228,1.5170715,0.11765495,-1.1642962,-0.14537682,-0.0010437577,-1.3585402,-0.18615423,-1.4774677,-0.6621483,1.5978966,1.4410162,-0.6347596,0.8477205,1.7534971,1.2058296,-1.5230672,1.3155364
997,1.5459938,0.9594656,1.0,0.0,-0.24450153,0.20807971,0.45685863,0.0,0.0,-1.6296831,-1.5415019,1.1510803,1.0347643,-0.6940002,-0.9289046,0.67769706,0.7609416,1.4606767,-0.4537843,-1.2652595,0.9031031,1.3855281,1.6588503,0.2468829,-0.12034473,-1.1129085,-1.2166791
998,0.42518112,-0.23835528,1.0,1.0,1.0622206,1.6300004,-1.6088513,1.0,0.0,-0.35639402,-0.97182906,-0.3422922,0.96907485,-1.6103914,-1.605483,-0.90816444,-1.3117102,0.6467874,-1.2315863,0.25332612,1.3021764,1.0376468,-1.2136302,0.43936726,-0.3223071,1.5463555,0.27321064
999,1.1772681,0.8700256,0.0,0.0,1.3287659,0.10631693,0.23054864,0.0,1.0,1.5510137,-0.5764308,-0.7403062,-1.2354454,-0.97915345,1.5564493,-0.40197036,-0.21614058,0.30407697,0.9763967,-0.16287336,0.3783527,0.73397535,0.46378365,-1.4949385,-0.9235615,-1.5133947,-0.4946488
1000,0.7793482,0.4535121,0.0,1.0,1.2653526,0.27808216,0.7909811,1.0,1.0,0.37898076,-0.9583214,-0.97937024,0.46470094,-0.77302074,-0.7074331,1.1502547,-0.5285353,1.721015,-0.5940196,-1.3506238,1.7062919,0.47842208,1.2693933,-1.2323124,0.16700779,-0.3857015,1.421192
1001,0.7747325,0.41723412,1.0,0.0,1.5173817,0.1065274,0.8080625,0.0,0.0,0.95297086,-0.31335676,-0.74852973,1.1342705,1.1531749,-0.051971126,1.6090964,-0.026037378,0.5872907,0.36321813,0.4793446,-1.2431644,-0.28650853,1.5492249,-0.32483238,-0.6479567,1.7286729,-0.56330943
1002,0.839732,-0.1372167,0.0,0.0,0.7323982,-0.6110311,0.13710795,1.0,1.0,-0.9020436,-0.32280874,-0.5726328,-0.8576597,0.05762096,1.3313394,-1.1332686,-0.75450593,1.3220139,0.6173149,-0.64524615,-0.9068064,-1.6724142,-0.53632975,-1.5115339,-0.39711946,1.5644885,-0.16231452
1003,1.6008766,1.4313691,0.0,1.0,-1.1978325,-1.0269444,-1.4258279,0.0,1.0,-0.87544996,0.9445237,-1.2510843,1.1427072,0.5898387,0.38443816,-1.4699522,1.2769133,-1.1700392,1.3306159,-1.026391,-0.7418653,0.5843331,0.5799826,1.2297528,-1.0792022,0.86420727,1.2939507
1004,1.6035889,1.3289306,0.0,0.0,-0.98531765,-1.4099844,-1.3171523,0.0,1.0,-0.73723215,0.4375248,-0.54534817,-0.81436974,-1.5020827,-0.4698883,0.7621124,0.22556558,-1.6276188,-1.4331932,-0.72614336,0.070140116,-1.4108781,-1.7014256,-0.37735197,-1.5343603,0.74345464,0.26933417
1005,0.2564125,0.15108325,0.0,0.0,-0.40599442,-0.4689048,-1.0336277,1.0,1.0,-0.9666082,-0.6306842,1.0399059,1.5456192,-0.40187684,-0.08103662,-1.4565693,1.0379831,-1.5371084,-0.9304573,-0.7230296,-1.2990944,-1.3347557,-0.6282125,0.61183083,0.71311396,0.6044393,-0.4580277
1006,0.35267338,-0.27975982,0.0,1.0,0.7503663,-0.8841641,0.49288186,1.0,1.0,-0.68241227,-0.9574033,0.3679138,1.5740308,-0.15800577,1.3349171,-0.87617034,1.5146166,1.1265093,-1.6682838,-0.8888242,-0.6363545,-1.2630109,0.7624354,0.7409982,-1.7458347,1.6071576,-1.5702605
1007,-1.415009,-1.2220215,1.0,1.0,-0.8615731,-1.3122708,0.40900636,0.0,0.0,-0.80768716,-1.0270813,-1.2990019,1.7034274,-1.0533249,-0.57031524,-0.0058130873,-1.0760884,1.4097954,-1.1289157,1.2878073,1.3167292,0.31970054,-0.82457167,1.4091119,0.7572421,-0.8557612,0.2150914
1008,-0.30260625,-0.3402285,1.0,0.0,-0.9789836,1.3986975,-1.095248,1.0,1.0,0.8530317,1.0377548,-1.5212518,-1.152051,0.13812102,1.1139107,-1.6004565,1.4197426,0.36335123,0.77464193,1.3036978,-0.4632944,1.3146894,-0.6844686,0.9223101,1.2544674,1.457453,-0.32535002
1009,-0.07367023,0.26969054,1.0,1.0,0.012564711,1.2841974,0.30997533,0.0,1.0,-1.5843244,-1.2670507,0.6025105,1.2101184,-0.6792686,-0.031079909,-0.6298697,-1.2944951,1.4007655,1.5400342,0.43027216,-0.13373652,1.5671438,-0.19806266,-1.1037409,1.2362597,1.3700788,-0.17595716
1010,-0.7986012,-1.1772816,1.0,0.0,0.5933465,0.794409,-0.6369378,0.0,1.0,-0.3474789,-1.335758,0.57596636,1.3588729,-1.0848441,-1.2734755,-0.24985756,-0.14099824,0.12060073,1.6478312,0.26520762,-1.5728147,-0.54974115,-1.6625992,0.8974146,1.2287829,-0.20757842,0.8021963
1011,0.6084275,0.89117956,1.0,0.0,0.8640721,-0.38792753,-0.476305,0.0,1.0,-0.3480162,-0.59276855,-0.5362744,0.027989682,-0.9511293,0.2620187,-0.13346143,0.3094521,0.91394526,0.40736535,-0.46820617,-0.17804578,0.3088601,-1.0999395,-1.442802,-0.9840252,-0.0101218335,-1.6109989
1012,0.92657775,1.0119867,1.0,1.0,1.241885,-0.48588237,-0.09972283,1.0,0.0,0.65209365,-1.0950229,-1.2581562,1.2580822,0.18065594,-0.9413265,-1.2001746,0.6735811,1.3772981,-0.0046226764,1.4251397,0.88684654,-0.29874563,-1.4133117,1.7284058,-0.6636793,-1.5910087,-0.6109162
1013,0.6064016,0.38119557,0.0,0.0,1.4565371,0.8279223,-1.1201109,1.0,1.0,1.2833755,-1.6598613,-1.6106336,0.5748851,-0.37682086,-0.49676725,0.6068887,-0.17401096,-0.90272933,-0.51332384,0.06061795,-1.5334864,0.58903736,0.3537324,0.51650524,1.0603356,0.27476567,-0.96368206
1014,0.13216974,0.14827773,1.0,1.0,-1.1356608,1.2805427,-1.2008219,1.0,0.0,-0.5083876,-0.5198749,1.4744165,1.3436176,0.36098835,-0.13908349,-0.42846262,-1.1386087,0.30514795,-0.48251414,1.4480771,-0.055281755,-0.30902374,-0.66042835,-1.5803242,0.899003,0.52201897,-0.19517611
1015,-0.22251047,-0.6419754,0.0,1.0,-0.9772004,0.8839148,0.51994383,0.0,0.0,1.1182315,1.3802164,-1.3385861,-1.2150649,-0.4486922,1.2989486,0.56976235,-1.3848246,-0.91483307,-1.6796607,0.8087339,-0.23354228,1.1922654,1.0082784,-0.03873979,0.78352857,-0.43920323,-0.9891398
1016,0.215715,0.12064249,0.0,0.0,-0.48314583,1.1411207,0.11751448,1.0,1.0,1.2564816,1.0692385,1.7047317,0.7442625,1.0898123,-0.95270294,1.050493,-0.5631103,1.4622791,1.7235452,0.29487488,0.8747453,0.9236721,0.7756095,0.5101748,-0.26679218,-0.3475899,0.5904777
1017,0.51304805,0.4536332,1.0,0.0,-0.461436,0.07610413,0.116270065,1.0,1.0,0.54944646,1.1670882,0.46032047,-0.1779659,0.7666243,-0.92866284,-1.1644237,-0.37893,1.6638153,-0.23169854,1.5376838,1.0501425,-1.4493254,-0.16690165,0.5243445,-0.6906888,1.252515,0.35436866
1018,-0.9903101,-1.0743796,0.0,0.0,-0.877014,0.97598076,-1.3387221,0.0,1.0,0.05846732,1.422782,-0.297344,0.7113457,0.93595326,0.07718835,1.3260331,-1.6133623,1.5331731,-0.20338893,0.4578246,-1.408325,-1.157054,0.7894018,0.73036885,0.81967133,-1.6875273,-1.2049905
1019,1.271821,1.3390516,0.0,1.0,-1.4982082,-0.53300345,-1.5566661,1.0,1.0,0.5323666,-0.6341477,-1.5090966,1.5820215,1.4647666,-0.2840637,-0.7013278,1.719902,0.32952115,-1.0169983,-0.9117805,-1.7036546,1.6804744,0.48220697,0.44798583,-0.46577862,1.3254808,0.0094129015
1020,1.3904958,1.649143,1.0,1.0,-1.3270298,1.0189027,0.49744824,1.0,0.0,-0.8724241,-0.55963266,-1.4085296,-1.5478748,-0.7404267,-0.73685527,0.37675056,1.1053263,-1.3910465,0.4744181,0.7656088,0.5544032,-1.7342166,-1.0430328,0.94810265,1.3570889,-0.7463172,1.1459683
1021,1.4844621,0.958077,0.0,1.0,0.6599242,0.454932,-0.18652707,0.0,0.0,0.14218612,1.5650483,-1.1866271,0.79812336,-0.073833,0.8345596,0.3325721,0.06720905,-1.5205956,-0.70603985,-0.96742165,1.4498379,-1.761791,0.5056454,-0.88152444,-1.079573,-0.52491975,0.99562585
1022,-0.40922314,-0.26621705,1.0,0.0,-1.7046688,1.1303742,-1.6545718,1.0,1.0,0.13011627,-1.0536464,0.66325486,1.5095237,1.0750996,-0.90133166,0.8654432,-1.5533828,0.4711381,-1.5212275,0.53264934,0.5503834,0.6698654,1.5086946,-0.63907015,-0.4832547,0.30753267,-1.264581
1023,-0.15735207,-1.1995859,0.0,0.0,0.49159935,1.303041,-0.23024617,1.0,0.0,-0.5405681,-1.4886277,-1.3512279,-0.26699907,0.99119663,1.0796835,1.0785245,1.3619618,0.74047685,-0.0053685377,0.09077288,-0.117241025,0.66319406,1.6151662,-0.97272867,-0.25404152,1.2055186,-1.520845
1024,-0.57466406,-1.0900601,0.0,0.0,0.31347597,0.8902169,-1.0240542,1.0,0.0,1.4510424,1.3954817,-0.15447655,0.28843653,1.2944839,1.6201497,1.2586263,-0.8643907,0.9253713,0.42948788,0.07425229,-0.42375764,0.20925298,-1.5502553,-0.6904023,0.15283558,-1.223518,1.6455674
1025,1.1710294,2.0602977,0.0,1.0,1.2343078,-1.6833805,-1.8016986,0.0,0.0,-0.090971746,1.4647942,1.3414624,-0.11580336,0.91097385,0.9426965,1.4530314,0.013826956,0.47012696,-0.2394174,1.6012096,0.020227926,-0.33290592,-1.516762,-0.89046675,-1.6903546,-1.3790741,-1.4748274
1026,-0.44083673,-0.15936334,1.0,0.0,-1.021274,-0.4687866,1.089837,1.0,0.0,0.08965552,0.24184804,-0.1177407,-0.26432946,0.093313515,-0.029270941,-0.48594853,0.15200101,-1.6016183,-1.7029023,0.049966477,-0.9935198,0.67262524,0.382955,0.52653486,0.47883868,0.43964866,1.5054566
1027,0.5159344,0.4695581,1.0,1.0,1.2920641,-1.1560636,-1.4813792,1.0,1.0,0.34925944,1.0250092,0.041979376,0.5801453,0.57356465,-1.2873665,-0.657833,-0.56226784,-1.6005981,0.7695398,-0.276171,0.60736674,0.9232377,0.50909597,-0.90354526,0.18820162,0.29354474,0.49934068
1028,-1.2776136,-0.19443345,0.0,0.0,-1.3576884,-0.35410386,0.6016544,1.0,0.0,-1.4483811,-1.3759862,-1.3633922,1.0099747,-1.0071387,-0.8498431,-1.3888456,-0.03103237,1.3232219,-0.5954054,0.39626777,-1.5113258,0.36683,0.5242025,0.9705594,-0.09498777,0.31550005,-0.85482687
1029,-0.18651171,-0.64912933,1.0,0.0,-0.25463036,-1.0484141,1.4801836,0.0,1.0,-1.1720471,-1.5006337,0.47312084,1.5367546,-1.1564916,0.20207734,0.46076408,-1.2371098,1.7863235,-0.10800209,0.8656944,-1.4599966,1.5367457,1.6906631,-1.6656524,0.17324066,1.3673258,0.002627093
1030,1.4510497,1.3165151,1.0,1.0,0.68448025,-0.26544887,-0.09142705,1.0,0.0,-0.6166065,0.48450348,-1.1359904,-1.4014862,1.4469206,-0.4879389,0.666149,1.0154631,1.6106571,-0.20293868,0.07023414,1.6917224,0.6825815,-0.062418424,1.5239223,-0.36982647,-1.2677498,1.209853
1031,0.09894547,-0.44402024,0.0,0.0,-0.29032516,0.16071746,-0.16852169,1.0,1.0,1.0742487,-0.831275,-1.1172204,1.359207,-0.56673276,-0.0029937194,1.4018791,1.0940355,0.454944,-0.7954536,0.34281877,-0.38149455,-0.4467992,1.5935138,-0.50454754,0.546463,-0.818009,-1.4770576
1032,1.654785,1.792292,0.0,0.0,1.4954721,-0.93147975,-1.5017661,0.0,0.0,-0.43177682,0.7611355,1.7179936,-0.122458465,-1.006464,1.5145804,1.1292247,0.9460946,1.672758,1.1696085,-1.135665,1.2791002,0.0503028,0.105972886,1.4479036,-1.3703912,1.6543452,1.405965
1033,-0.46510473,-0.8528833,0.0,1.0,-1.1973085,-0.9784963,-0.7024554,1.0,0.0,0.2674531,0.4245695,-0.146639,-0.080765314,0.67072105,0.69935477,-1.562786,-0.7025505,-0.95419014,1.0806589,0.28622222,-0.37098366,0.90989965,1.4407511,-1.1060418,-0.3162525,1.6503111,1.4189336
1034,0.34846115,-0.5761949,1.0,1.0,1.010946,0.575385,0.1755533,1.0,0.0,-0.271795,-0.036158297,0.16509722,0.48382384,0.22917123,0.34512222,-0.9732282,-1.5668786,0.78359073,1.3600612,-0.7220922,-1.3562284,-1.6800871,-0.3556492,0.35849053,-1.7286552,0.9185952,-1.1166046
1035,-1.1044636,-1.7758306,0.0,0.0,0.6432102,-1.5901499,1.6786383,1.0,0.0,-0.12556599,-0.60176665,0.08981155,0.40496343,0.92956215,0.29712638,1.3250875,1.4847261,0.54834366,0.5833549,0.36689353,0.017479645,1.6028674,0.49537805,-0.81776804,0.8366527,-0.05811751,-1.5867344
1036,-0.43340108,-0.79129833,0.0,1.0,0.79205376,1.4622787,1.0279994,0.0,0.0,0.025175571,-0.54801124,1.7264141,0.79126257,0.65267015,-1.4202317,1.350567,0.5160899,1.6916422,0.54056096,-1.5991523,-0.4872844,-0.39991498,-0.9846291,-0.7950287,-0.9116099,-1.003992,1.2203181
1037,-0.64474326,-0.40989083,0.0,1.0,1.5739915,0.90034693,1.1190108,1.0,0.0,0.7293964,-0.9319167,0.9654251,-1.4347864,-1.4335153,1.0247968,-1.439166,-1.4071435,0.5145362,-0.6585447,-0.26459897,-1.5413222,1.3381206,0.63800347,-1.1739768,-1.4573927,-0.39270294,0.9871216
1038,-1.440023,-1.3076181,1.0,1.0,1.2422923,-1.2989675,1.5491811,0.0,1.0,-1.3477193,-1.6508951,1.7165804,0.6174826,0.835863,-1.6076849,-0.71604997,-0.80046314,1.2906314,0.7891312,1.5905113,-0.62223625,-0.82172316,-1.130671,1.4689122,0.59829277,1.1736761,0.6395688
1039,-0.5877675,-0.30972245,0.0,1.0,-1.3476402,-0.46364504,-0.55368906,1.0,0.0,-1.7252529,-1.0347013,-1.3278681,-0.99660486,0.27376983,1.3484117,1.4290328,0.8489416,1.0354419,-1.1584026,-1.6673398,-0.046238165,0.5061937,0.8167515,-1.5310841,1.17223,-1.2788298,1.5828799
